15-0-834	7	[2.454591591, 2.490290645, 2.440860645, 2.497885484, 2.492613359, 2.544110689, 2.529031575, 2.479107541, 2.492183583, 2.495047364, 2.5071043, 2.486697186, 2.517141905, 2.508527786, 2.547319665, 2.457547866, 2.488210315, 2.44826821, 2.464754368, 2.512559343, 2.462207346, 2.46949307, 2.5401088090000004, 2.4702628559999997, 2.487144451, 2.526907661, 2.477111023, 2.459816681, 2.508483334, 2.5303704529999997, 2.499326332, 2.489220453, 2.5031050969999997, 2.510852312, 2.512471686, 2.529811297, 2.520992197, 2.47892358, 2.481983561, 2.52206689, ]
15-1-772	7	[2.4235878390000005, 2.400829459, 2.437257001, 2.489637173, 2.4163013550000003, 2.4486301470000003, 2.399323093, 2.436722844, 2.511825896, 2.4212404750000003, 2.426699981, 2.383694502, 2.4551452719999998, 2.424146926, 2.455819105, 2.445709179, 2.436488455, 2.4421322529999996, 2.431182913, 2.471648702, 2.440881386, 2.452739614, 2.39819255, 2.483623299, 2.449036338, 2.4079134829999997, 2.4281830319999997, 2.4246850920000003, 2.403676598, 2.424352646, 2.443101242, 2.4310246070000003, 2.399950553, 2.4597885010000002, 2.396088202, 2.4330155589999998, 2.43953272, 2.369852937, 2.4289433579999997, 2.425299493, ]
0-0-196	12	[2.500350081, 2.4650525290000003, 2.454962138, 2.4220962630000002, 2.444641225, 2.437902268, 2.554614757, 2.515871352, 2.506262908, 2.561452265, 2.464523282, 2.4983183660000003, 2.4478883700000003, 2.463783247, 2.444382351, 2.518468307, 2.502764599, 2.486037304, 2.4879375799999996, 2.440557245, 2.53804681, 2.500062776, 2.453398521, 2.487807943, 2.4585937380000003, 2.460835721, 2.526043796, 2.475056176, 2.4442011719999996, 2.4709467710000004, 2.4871968630000003, 2.522660148, 2.5126371279999997, 2.47041835, 2.51391352, 2.4833174509999996, 2.48542023, 2.456976461, 2.46349953, 2.492260252, ]
0-0-34	13	[2.444357448, 2.474713464, 2.4738800559999996, 2.483838564, 2.427474547, 2.4286157170000005, 2.4443192899999997, 2.4503756819999998, 2.4616641489999997, 2.452440229, 2.466180793, 2.487702987, 2.438124084, 2.45624212, 2.472980302, 2.47048787, 2.456362886, 2.4709451820000004, 2.453086894, 2.4231180930000003, 2.395882778, 2.407338006, 2.425586916, 2.470976432, 2.447399924, 2.4449382429999997, 2.461859236, 2.4572739930000003, 2.444328713, 2.4451626500000003, 2.4489096649999995, 2.432749576, 2.4665533359999996, 2.436138196, 2.4271885839999996, 2.4566136829999996, 2.4860482, 2.4608420339999997, 2.445758043, 2.437364551, ]
15-0-824	6	[2.381532201, 2.32221628, 2.316318099, 2.3622901190000003, 2.444945845, 2.3861889020000002, 2.3210576179999998, 2.35526414, 2.3797694810000003, 2.385747765, 2.393735892, 2.338581101, 2.337828083, 2.3820508410000003, 2.497539442, 2.418433933, 2.3390860730000003, 2.330187289, 2.328273794, 2.363056705, 2.340956661, 2.3640967109999997, 2.390519244, 2.351653625, 2.358396218, 2.3042936640000002, 2.370780849, 2.368231999, 2.392655769, 2.397583988, 2.345771229, 2.395440289, 2.448717648, 2.3349146, 2.3364656520000002, 2.388171416, 2.3570064320000004, 2.346350698, 2.360336804, 2.339050953, ]
6-1-506	5	[2.38037361, 2.374308693, 2.330248386, 2.401764461, 2.358499191, 2.382777518, 2.394090099, 2.377743497, 2.378943595, 2.381870788, 2.365225602, 2.430103752, 2.399138213, 2.3592040990000003, 2.346695155, 2.3614005340000004, 2.349499786, 2.341194622, 2.352531215, 2.367114939, 2.394973151, 2.383274394, 2.397847905, 2.352978688, 2.348911165, 2.39807815, 2.368334978, 2.3661492610000003, 2.3922620940000003, 2.394645566, 2.336366566, 2.382475679, 2.365638891, 2.3413062989999998, 2.3658643770000003, 2.399912647, 2.3522108420000003, 2.428659587, 2.397961128, 2.3401856899999998, ]
15-0-167	6	[2.423929695, 2.458983582, 2.403149154, 2.41818546, 2.379555321, 2.400761221, 2.436090977, 2.444111563, 2.4721743409999997, 2.40679013, 2.4525296930000002, 2.442635286, 2.484452739, 2.413622207, 2.448036143, 2.43277828, 2.445789308, 2.493315682, 2.408928746, 2.4411164349999996, 2.4152592690000003, 2.3988233009999997, 2.523848339, 2.3845014520000003, 2.4184866990000002, 2.413940386, 2.410623989, 2.407335758, 2.4150952530000005, 2.415050881, 2.445154523, 2.429869557, 2.462910701, 2.435209367, 2.411359885, 2.4134792450000004, 2.436497804, 2.486035257, 2.39870397, 2.39837073, ]
15-1-933	4	[2.407081501, 2.409088178, 2.454934509, 2.377720402, 2.417978333, 2.41507949, 2.434550012, 2.401337867, 2.391549116, 2.46778862, 2.38854465, 2.415632155, 2.4559636100000004, 2.4077147219999997, 2.4594536, 2.406210466, 2.4154243610000004, 2.431930597, 2.401803567, 2.446011376, 2.391088947, 2.3989088589999996, 2.3916499570000003, 2.402421172, 2.412145833, 2.4108708859999997, 2.509499534, 2.400393901, 2.427801489, 2.4121602799999997, 2.4422776230000003, 2.386436453, 2.4193166340000003, 2.438387449, 2.376115114, 2.388988426, 2.419034753, 2.412072218, 2.360664218, 2.457402935, ]
15-0-96	9	[2.432839884, 2.429314269, 2.415127044, 2.4106989, 2.39731868, 2.429238026, 2.422144665, 2.454906006, 2.447336239, 2.416946541, 2.43076479, 2.3948561660000003, 2.40437937, 2.455751199, 2.394972984, 2.434298966, 2.460252496, 2.385392174, 2.386718638, 2.427869377, 2.4833998250000002, 2.423044877, 2.445006029, 2.412227378, 2.407462997, 2.413101443, 2.440025573, 2.42745481, 2.373871389, 2.451329524, 2.421176581, 2.430003891, 2.426096818, 2.410461293, 2.371385911, 2.380395373, 2.4762315299999997, 2.42729192, 2.435447671, 2.451943032, ]
15-1-92	6	[2.351258138, 2.3197568250000002, 2.314813467, 2.330187525, 2.310669546, 2.324838402, 2.28825811, 2.303249893, 2.293358174, 2.299991148, 2.307908771, 2.359277202, 2.316707427, 2.296769525, 2.304851356, 2.3113002490000003, 2.343415735, 2.3180039729999997, 2.34149371, 2.310884762, 2.394343763, 2.328003549, 2.29950127, 2.3222460700000003, 2.33959981, 2.356576253, 2.338199403, 2.310502311, 2.298454409, 2.332647788, 2.307188438, 2.344759295, 2.293962558, 2.354595608, 2.319174847, 2.299700127, 2.328309933, 2.3506781460000004, 2.306415808, 2.342592871, ]
15-1-859	3	[2.357390457, 2.409724404, 2.391246582, 2.410899126, 2.375492668, 2.3557206460000004, 2.3988015110000003, 2.359297229, 2.365919305, 2.419377207, 2.4001314220000003, 2.3374938729999997, 2.335205925, 2.369524214, 2.363689854, 2.375779234, 2.376054907, 2.348508643, 2.384146903, 2.379364682, 2.351420901, 2.3710459349999997, 2.393425949, 2.384296198, 2.322036766, 2.347006612, 2.433111121, 2.347580138, 2.357233038, 2.41947771, 2.339837594, 2.44519637, 2.350408183, 2.365270055, 2.388632452, 2.352286103, 2.441730939, 2.3697736590000003, 2.369685187, 2.372758924, ]
15-1-77	6	[2.382938364, 2.3808565049999997, 2.403809873, 2.360182989, 2.412956773, 2.406666396, 2.364403965, 2.4042256490000002, 2.402693716, 2.377736363, 2.4262474220000003, 2.350701518, 2.39313831, 2.442815214, 2.339750943, 2.344517616, 2.362406973, 2.361594033, 2.406078207, 2.3725633050000003, 2.32700878, 2.385206668, 2.3741235080000003, 2.3669465450000002, 2.365844107, 2.364489808, 2.381377381, 2.3825182380000003, 2.394255121, 2.370760445, 2.374928489, 2.3865768960000002, 2.335664402, 2.3356733050000003, 2.2947969030000004, 2.374283364, 2.422354765, 2.349580809, 2.42112988, 2.429812245, ]
8-0-871	7	[2.514539961, 2.4992241909999997, 2.4763278169999996, 2.5432423529999997, 2.520346417, 2.453291688, 2.508292785, 2.521734262, 2.436664918, 2.503473781, 2.451846925, 2.4513575229999995, 2.53920123, 2.507717479, 2.481409116, 2.472772454, 2.507139403, 2.560091777, 2.47955649, 2.493092559, 2.485178824, 2.4873318099999997, 2.463379908, 2.517965459, 2.476139429, 2.4608217860000003, 2.474504069, 2.451312875, 2.559109692, 2.538864232, 2.476387811, 2.5067315929999996, 2.477395003, 2.4744689099999997, 2.490181584, 2.4902612509999997, 2.518041732, 2.487425796, 2.533087451, 2.499644916, ]
6-1-605	6	[2.3042726680000003, 2.284377525, 2.312107278, 2.324534029, 2.34770265, 2.3062433799999997, 2.321960447, 2.293367124, 2.293782186, 2.3179678720000005, 2.358604657, 2.317344079, 2.3109324890000003, 2.2884833199999997, 2.342588812, 2.325522229, 2.288136839, 2.352899651, 2.3050402859999997, 2.302655491, 2.289667377, 2.291196264, 2.311138464, 2.3333560309999997, 2.3556713240000002, 2.329263666, 2.2941674279999997, 2.312660395, 2.3137154300000002, 2.301350747, 2.3368889499999996, 2.305921472, 2.334926877, 2.3440881310000004, 2.3653589530000003, 2.326896882, 2.339826895, 2.3113685939999997, 2.381614047, 2.32597725, ]
15-0-756	5	[2.382663336, 2.3736583920000003, 2.351429972, 2.35394731, 2.345022913, 2.3471514100000004, 2.378017643, 2.411309792, 2.38752274, 2.427975175, 2.3873020709999997, 2.376179534, 2.360632694, 2.376999252, 2.3515785129999998, 2.367912205, 2.428585422, 2.3775884940000003, 2.387708948, 2.3610816339999996, 2.352079086, 2.387418669, 2.378581869, 2.379577541, 2.3570490939999997, 2.36144913, 2.360386091, 2.398894383, 2.415229927, 2.400304203, 2.3905805, 2.392266612, 2.392516917, 2.3707582800000004, 2.323661094, 2.375719084, 2.351037432, 2.3862105180000004, 2.363108763, 2.348743905, ]
15-0-94	6	[2.4000174029999997, 2.3633792629999997, 2.356760083, 2.449744563, 2.383172977, 2.4011305829999996, 2.404448568, 2.386380226, 2.3821229859999997, 2.440052495, 2.342341073, 2.382131703, 2.389916692, 2.3825362390000002, 2.375765174, 2.372716523, 2.3807187900000004, 2.433084056, 2.397268267, 2.3598636689999997, 2.342729009, 2.4196448090000002, 2.364760545, 2.4011478420000003, 2.35136067, 2.363977244, 2.3732805270000004, 2.474912987, 2.375967095, 2.3721158979999997, 2.355819317, 2.421366881, 2.369804078, 2.38258758, 2.4010861190000004, 2.412207624, 2.353017308, 2.375079041, 2.3837115190000002, 2.415893672, ]
14-1-444	5	[2.366115289, 2.376849725, 2.3705352330000005, 2.364904049, 2.337664058, 2.378645864, 2.3403994499999996, 2.33715301, 2.3867507779999997, 2.3299282949999998, 2.4016611070000002, 2.36664869, 2.359481836, 2.3478194300000004, 2.3524812820000003, 2.370896374, 2.294195822, 2.302432016, 2.393212913, 2.4070729660000003, 2.3172058179999997, 2.320157304, 2.3580793460000002, 2.359614358, 2.3803867690000002, 2.309250646, 2.3755907400000003, 2.3855622519999997, 2.322353895, 2.383808229, 2.343030065, 2.3811576810000004, 2.322261446, 2.3760644870000003, 2.3789862050000004, 2.316359059, 2.324608355, 2.382644414, 2.31179478, 2.369422373, ]
15-0-124	6	[2.259567189, 2.349525787, 2.299806336, 2.325938522, 2.3011914860000005, 2.276030909, 2.2885229469999997, 2.2855567189999997, 2.331189679, 2.294077782, 2.357062825, 2.291926969, 2.300703573, 2.3030100510000002, 2.310767193, 2.297991813, 2.291471081, 2.384846777, 2.339872883, 2.348695773, 2.333076869, 2.291210102, 2.3092717929999997, 2.2743947760000003, 2.282796421, 2.309264834, 2.30817641, 2.296930702, 2.306791454, 2.2911038620000004, 2.309709959, 2.323968639, 2.310052618, 2.3182756920000003, 2.300846776, 2.283480863, 2.308764688, 2.292620638, 2.291398484, 2.31719805, ]
15-1-319	3	[2.345059854, 2.379812629, 2.3538661650000003, 2.365777752, 2.415046428, 2.36544195, 2.354744067, 2.373511625, 2.371429632, 2.332313201, 2.368847112, 2.318702172, 2.381144894, 2.349614551, 2.382399004, 2.34435379, 2.340914057, 2.389558375, 2.3876196679999997, 2.335098479, 2.363550041, 2.344298152, 2.3358395790000004, 2.3851238130000003, 2.4203316060000004, 2.3678747300000005, 2.383667055, 2.3682759420000004, 2.314778499, 2.357806655, 2.379862935, 2.384623338, 2.330632765, 2.2927018420000005, 2.371186147, 2.359723554, 2.302103396, 2.376420781, 2.318990948, 2.3550976969999997, ]
15-1-1012	3	[2.391457908, 2.373682315, 2.397724177, 2.4292660120000003, 2.4168763810000002, 2.351302136, 2.454855927, 2.37925899, 2.4307414439999997, 2.391675117, 2.394405962, 2.3933381340000004, 2.385343191, 2.4072329650000004, 2.48430573, 2.415002544, 2.391338924, 2.402749064, 2.359536062, 2.383634615, 2.3789282000000003, 2.3548607309999996, 2.352065384, 2.3951264890000004, 2.38957891, 2.3943290549999996, 2.368583893, 2.3809386850000003, 2.445589815, 2.4091224070000004, 2.4309934660000003, 2.3859944289999997, 2.400290748, 2.332622731, 2.39813982, 2.42366227, 2.3529704660000004, 2.384304962, 2.4488342380000003, 2.381144461, ]
15-0-293	7	[2.432313405, 2.454432061, 2.429866874, 2.3917865259999997, 2.453924619, 2.4049204169999996, 2.462107993, 2.480212326, 2.422050302, 2.3961567070000003, 2.40583102, 2.459534347, 2.4392397580000003, 2.4103666649999997, 2.418919571, 2.4352264, 2.429175802, 2.4107578160000003, 2.441036969, 2.4325356240000002, 2.468707862, 2.452150245, 2.442883715, 2.459668668, 2.3865226369999997, 2.419239038, 2.40895899, 2.359988575, 2.438306255, 2.395532159, 2.396129404, 2.404567225, 2.432177467, 2.37614281, 2.4069384830000002, 2.4181929600000003, 2.473189498, 2.452918678, 2.407216268, 2.420953015, ]
14-0-603	6	[2.3575025499999995, 2.355680831, 2.4407222949999996, 2.40923193, 2.3573371979999997, 2.4089251660000004, 2.3881890340000003, 2.363352919, 2.434860193, 2.3793912049999997, 2.414817375, 2.455672378, 2.433688401, 2.367481347, 2.388118634, 2.34957688, 2.372255434, 2.3982977410000004, 2.3734646410000004, 2.3469230810000004, 2.3945216289999998, 2.3290920390000003, 2.382198781, 2.4137355339999997, 2.379177489, 2.3912008310000004, 2.3656460690000003, 2.389946343, 2.376580947, 2.4047478190000002, 2.384404429, 2.349425132, 2.37408448, 2.393227952, 2.372946426, 2.3702404969999997, 2.4181964750000002, 2.390733454, 2.4015250029999997, 2.362337505, ]
14-0-649	8	[2.4213151870000003, 2.4265602729999998, 2.3720741, 2.426284728, 2.426805765, 2.398882972, 2.372046294, 2.4043240810000004, 2.397514411, 2.355820374, 2.482577102, 2.396257306, 2.435541475, 2.4015598999999996, 2.404227003, 2.418443892, 2.410217074, 2.3876863980000005, 2.402174869, 2.38475729, 2.380984307, 2.369770535, 2.375744299, 2.3750912590000004, 2.3729688380000002, 2.38206033, 2.366865379, 2.4329794299999996, 2.408319477, 2.444360319, 2.403785762, 2.382860451, 2.4136546759999997, 2.383257809, 2.4227614820000003, 2.395702906, 2.385057497, 2.414657956, 2.3814404920000003, 2.455473391, ]
13-0-833	8	[2.5261737149999997, 2.5277126610000002, 2.5198735039999995, 2.5074768, 2.5097101879999997, 2.489209801, 2.491985897, 2.496204246, 2.494870628, 2.479920205, 2.4732529459999997, 2.479106611, 2.469336212, 2.507053748, 2.477196758, 2.495173453, 2.643824447, 2.50656373, 2.536196733, 2.459597832, 2.5101292170000002, 2.5182239330000002, 2.4962683319999996, 2.5065698789999997, 2.451251043, 2.46805887, 2.461871133, 2.519297675, 2.5334510999999997, 2.4786241479999997, 2.479393038, 2.55380436, 2.494022441, 2.462305392, 2.5110408840000003, 2.533052487, 2.502520282, 2.477146705, 2.4728173289999997, 2.516968937, ]
12-1-549	8	[2.4309820249999996, 2.469030986, 2.446973606, 2.4606437629999998, 2.4352896260000003, 2.4727498709999995, 2.4411609079999996, 2.4253015700000002, 2.413477983, 2.42666619, 2.4202373560000003, 2.4074404350000003, 2.423522561, 2.4499809170000004, 2.430573147, 2.4315665639999997, 2.42115019, 2.437333286, 2.430421936, 2.450761592, 2.440425846, 2.4731373760000004, 2.43169272, 2.3923066310000003, 2.450490395, 2.404900864, 2.4362538209999998, 2.4972633859999998, 2.418799576, 2.407352757, 2.4289340029999997, 2.425453021, 2.431349396, 2.432233847, 2.4284938460000003, 2.403987664, 2.439584665, 2.4619595459999997, 2.4757516489999998, 2.444158449, ]
14-0-449	8	[2.4189234170000002, 2.404958539, 2.453057142, 2.396570424, 2.425451689, 2.418653617, 2.4601524329999997, 2.480555701, 2.4248631379999996, 2.4456861549999998, 2.493854693, 2.456566215, 2.434606008, 2.465383557, 2.436602502, 2.459320893, 2.4443640259999997, 2.475290647, 2.4214703789999996, 2.46501672, 2.4702928550000003, 2.446129312, 2.444730071, 2.402335701, 2.437789981, 2.4287564909999997, 2.423407419, 2.49428128, 2.4326665199999997, 2.384458971, 2.4391340560000003, 2.457490491, 2.436602868, 2.434836018, 2.462106785, 2.413024156, 2.45508065, 2.443341748, 2.4335748059999998, 2.388714109, ]
14-0-337	8	[2.425616238, 2.392006516, 2.383307098, 2.442980689, 2.42466019, 2.451841034, 2.44882089, 2.437085572, 2.419720256, 2.447433491, 2.421646361, 2.437307635, 2.431958763, 2.4305405159999998, 2.467333902, 2.471226003, 2.47618495, 2.468014043, 2.4805984580000002, 2.409832125, 2.390264548, 2.411251044, 2.464676755, 2.433346931, 2.436091487, 2.4738668219999997, 2.473503281, 2.426415182, 2.378866559, 2.4542603809999997, 2.3929858790000003, 2.413006362, 2.434203384, 2.421467847, 2.4444605619999997, 2.453272211, 2.4594032710000002, 2.448578448, 2.4455882759999996, 2.4578715900000003, ]
12-1-14	9	[2.4042544120000002, 2.43852784, 2.4488087280000004, 2.4094801180000003, 2.4286263540000004, 2.4042773979999996, 2.489756512, 2.4646039109999998, 2.411295916, 2.3802044440000003, 2.420569439, 2.354590282, 2.458020634, 2.413268253, 2.407917474, 2.45868499, 2.381515631, 2.409230245, 2.543021902, 2.396066234, 2.426592123, 2.4710602550000003, 2.356484328, 2.392746392, 2.42778867, 2.41245318, 2.412785335, 2.402439174, 2.3957226609999998, 2.432562126, 2.438060934, 2.451337461, 2.402705335, 2.446220028, 2.569319615, 2.478630999, 2.395529385, 2.393051411, 2.409861876, 2.3899369, ]
13-1-831	3	[2.413623253, 2.370819698, 2.3383688680000003, 2.37339275, 2.366985448, 2.3297466499999997, 2.385769203, 2.32069451, 2.360616358, 2.3927032269999997, 2.487657831, 2.374555753, 2.372303287, 2.402878074, 2.411681388, 2.368040009, 2.375582287, 2.362880577, 2.3259063240000004, 2.355908984, 2.371307819, 2.396960178, 2.3269922480000003, 2.359955531, 2.375430295, 2.361181466, 2.337009623, 2.350203497, 2.4296153620000003, 2.368779414, 2.408029282, 2.370981966, 2.359256621, 2.392519507, 2.3824069, 2.389602559, 2.3876071569999997, 2.351573818, 2.344467461, 2.387549617, ]
13-0-191	5	[2.3724978599999997, 2.402391842, 2.355285071, 2.382200675, 2.367018179, 2.382915966, 2.40022519, 2.416495653, 2.3769304079999998, 2.380562689, 2.390682755, 2.3633752660000003, 2.379310428, 2.405370218, 2.395008302, 2.4020667550000003, 2.383823754, 2.390698708, 2.3905041099999997, 2.480244924, 2.348697165, 2.401082691, 2.413960339, 2.662282463, 2.403667054, 2.311175621, 2.335669675, 2.392027744, 2.344059504, 2.392823388, 2.4065517840000004, 2.418943782, 2.3569142260000002, 2.379456038, 2.402682703, 2.371464215, 2.397648353, 2.4247505560000002, 2.428432278, 2.403702907, ]
12-0-1016	6	[2.311365595, 2.329157215, 2.345715996, 2.359546296, 2.395252586, 2.323786855, 2.3841664, 2.3839433210000003, 2.326893272, 2.350069494, 2.368979082, 2.34218043, 2.3885047349999997, 2.30551067, 2.334792609, 2.344208697, 2.321628553, 2.352363867, 2.372693253, 2.3391395069999996, 2.3393432400000003, 2.321833213, 2.347063936, 2.346362589, 2.345357301, 2.3044024850000002, 2.3419247579999998, 2.329000957, 2.3582380059999997, 2.348305922, 2.358201036, 2.3578201420000005, 2.295399388, 2.359381623, 2.378518196, 2.3652859590000004, 2.399850795, 2.355631088, 2.327396542, 2.3065362899999995, ]
12-1-772	9	[2.402767709, 2.4181978519999996, 2.459918847, 2.454065128, 2.416552096, 2.445965195, 2.459273825, 2.4186716010000002, 2.49005712, 2.40723474, 2.409831273, 2.433001513, 2.4516864529999998, 2.430264836, 2.488679271, 2.398839507, 2.4371260269999997, 2.464803172, 2.416632074, 2.426583212, 2.4806379869999997, 2.446557459, 2.427260686, 2.3966378310000005, 2.4823282119999996, 2.461734147, 2.464416894, 2.436881456, 2.438195577, 2.457844651, 2.4503632879999997, 2.412343869, 2.429482499, 2.416236769, 2.402526913, 2.4477030529999997, 2.433566124, 2.66412404, 2.395260445, 2.435447925, ]
13-1-506	4	[2.376523451, 2.4028698630000003, 2.398242635, 2.366026685, 2.441787711, 2.405029007, 2.374046986, 2.404963881, 2.4306327359999997, 2.396921304, 2.421310692, 2.3658078650000003, 2.380109403, 2.551307008, 2.44898132, 2.402872615, 2.386437257, 2.3917595790000004, 2.454073078, 2.4046297020000003, 2.4499767009999998, 2.359966194, 2.4449859629999997, 2.411891796, 2.3996634460000004, 2.449339875, 2.424555604, 2.427634213, 2.425930938, 2.4457483879999997, 2.411014781, 2.365789287, 2.4352954010000003, 2.375229064, 2.438530164, 2.412094084, 2.430730626, 2.4936399110000003, 2.4197819590000003, 2.421886699, ]
12-0-959	4	[2.365677101, 2.3453823529999998, 2.394476921, 2.3516092470000003, 2.3699815209999997, 2.3770840939999998, 2.3974725890000004, 2.394031659, 2.388212374, 2.391653959, 2.4192858619999997, 2.335719987, 2.35356992, 2.368396772, 2.3637415959999997, 2.4038841489999996, 2.3748356360000002, 2.3706260880000003, 2.371971539, 2.412112201, 2.3555872840000003, 2.339169793, 2.374241433, 2.371943225, 2.313773972, 2.394053951, 2.40695133, 2.345224009, 2.401406133, 2.2961571899999997, 2.353414869, 2.415765944, 2.433935078, 2.409878007, 2.3330676070000003, 2.386899282, 2.3128815549999997, 2.361636745, 2.386421348, 2.341183724, ]
12-0-772	10	[2.45598477, 2.453187759, 2.452213154, 2.484641831, 2.4087180979999996, 2.4336405579999996, 2.451640145, 2.428368689, 2.41813032, 2.406999726, 2.4668174, 2.451047386, 2.4865849960000004, 2.47010856, 2.395677467, 2.448057936, 2.444886118, 2.427845766, 2.438390987, 2.4593410120000003, 2.4430604060000003, 2.480925733, 2.455937821, 2.4441431739999997, 2.409295191, 2.450760478, 2.476933956, 2.436539001, 2.384439831, 2.470000442, 2.4661778720000003, 2.442566975, 2.494042624, 2.44265621, 2.4520212619999997, 2.429695754, 2.452393796, 2.4729590110000004, 2.45115436, 2.4782782049999996, ]
14-0-265	9	[2.46213063, 2.4092845979999997, 2.393671917, 2.4471085859999997, 2.487959504, 2.3874102170000002, 2.34509473, 2.388981579, 2.391979224, 2.445933767, 2.439267069, 2.439447629, 2.4149978560000003, 2.438107714, 2.399240291, 2.469176644, 2.389360354, 2.407006685, 2.392319405, 2.3878736199999997, 2.368222849, 2.419079231, 2.410662644, 2.405935919, 2.434292934, 2.4085384540000003, 2.410103547, 2.464288587, 2.418870345, 2.450797996, 2.379449256, 2.457923916, 2.423352232, 2.383564851, 2.3917915479999996, 2.375338066, 2.361698628, 2.4018390540000003, 2.400724082, 2.389594389, ]
12-0-92	9	[2.350922893, 2.3564155550000003, 2.381107728, 2.37088702, 2.355466754, 2.3813407030000002, 2.3735758870000003, 2.387993368, 2.341080163, 2.377829245, 2.358442073, 2.352610688, 2.317816906, 2.352848694, 2.381067665, 2.607753753, 2.391859108, 2.38202602, 2.340476019, 2.3616211419999997, 2.333107083, 2.376648874, 2.357350712, 2.3857395950000004, 2.383037347, 2.3883892830000004, 2.394384496, 2.382060947, 2.414711619, 2.373398833, 2.396311577, 2.358285847, 2.398613332, 2.383219338, 2.352217837, 2.394193361, 2.373457293, 2.37149964, 2.331229048, 2.3597929790000003, ]
12-1-139	8	[2.4815279080000003, 2.4238946309999996, 2.441845618, 2.458060759, 2.4658013949999997, 2.41514452, 2.459533628, 2.4766940699999997, 2.384474807, 2.388796576, 2.426538272, 2.450650347, 2.460013159, 2.4201660530000004, 2.4502036449999998, 2.4079708350000004, 2.440299842, 2.4712585230000004, 2.4433952740000002, 2.402207914, 2.473963687, 2.4140295099999998, 2.4455992039999996, 2.412992665, 2.459150923, 2.45222636, 2.393231057, 2.390697154, 2.4188078180000003, 2.418646004, 2.442749567, 2.444300009, 2.435654161, 2.4156517170000003, 2.432949566, 2.4644570139999997, 2.39846843, 2.427111165, 2.45119359, 2.444664049, ]
12-0-383	5	[2.3767650170000003, 2.358545492, 2.3836205379999997, 2.436030615, 2.375806096, 2.3756979360000003, 2.3666822659999998, 2.366768083, 2.3827384840000003, 2.391640625, 2.366097127, 2.3872817470000003, 2.4152736609999996, 2.3917184290000004, 2.417145124, 2.386784176, 2.410352383, 2.456086861, 2.391593549, 2.418494645, 2.34312497, 2.3742726220000003, 2.412913118, 2.4003514060000004, 2.3528843950000002, 2.3730076440000003, 2.37315747, 2.387068231, 2.3641474970000003, 2.378672717, 2.3835965980000005, 2.424580237, 2.383587472, 2.4044321099999997, 2.3818067789999997, 2.372815843, 2.370295991, 2.422761117, 2.391303446, 2.374780277, ]
12-0-242	8	[2.527089, 2.51693698, 2.490512567, 2.476088265, 2.53995274, 2.488747, 2.5079105459999997, 2.533872943, 2.526816114, 2.450899163, 2.511325042, 2.5060262900000003, 2.492924598, 2.455153041, 2.560454474, 2.4569419089999998, 2.501583524, 2.475086475, 2.487950971, 2.533610039, 2.481872248, 2.439451294, 2.492005052, 2.4820959709999997, 2.441178805, 2.522006225, 2.5138373329999997, 2.488313022, 2.576920667, 2.481362871, 2.508227361, 2.503864361, 2.5097421119999996, 2.489407046, 2.491655378, 2.638065739, 2.518113241, 2.485115619, 2.432077316, 2.520165383, ]
11-1-147	7	[2.400656013, 2.432726153, 2.380879483, 2.433957446, 2.4271785570000004, 2.401261517, 2.41083435, 2.445304812, 2.448679436, 2.405737581, 2.422853989, 2.447038327, 2.388890716, 2.395139055, 2.4085760620000003, 2.3736233330000003, 2.3773259909999997, 2.4716117539999996, 2.397193392, 2.417042415, 2.434405391, 2.459249024, 2.434806442, 2.515959845, 2.40298772, 2.450912201, 2.389163854, 2.479822579, 2.418388522, 2.433857702, 2.395233493, 2.398654322, 2.4251975349999997, 2.440455272, 2.3952660530000003, 2.367817636, 2.426376199, 2.4646348799999998, 2.4587598799999997, 2.4097234500000004, ]
11-1-411	5	[2.3426925580000004, 2.3595693189999998, 2.38276277, 2.395877261, 2.336303148, 2.359856379, 2.366932394, 2.370793452, 2.445260692, 2.3703892000000004, 2.372534139, 2.3924720440000002, 2.3597956570000003, 2.379382783, 2.3971422700000002, 2.38423086, 2.39547456, 2.5028252149999997, 2.45185327, 2.3723424509999997, 2.359560521, 2.4055268109999997, 2.3535283479999998, 2.470270437, 2.360522844, 2.3797373339999996, 2.3656347959999997, 2.367176397, 2.328984635, 2.4348979670000004, 2.347615522, 2.384664473, 2.346278254, 2.3733986629999997, 2.385841847, 2.394332915, 2.329007502, 2.3980652250000003, 2.3812945570000004, 2.399453416, ]
11-1-56	8	[2.398269431, 2.4140341560000005, 2.386341906, 2.3753571790000003, 2.341830147, 2.3887023119999995, 2.3839029750000003, 2.3700502699999997, 2.345127594, 2.3487542880000003, 2.46670726, 2.428054695, 2.36389222, 2.341144805, 2.405701605, 2.401404433, 2.390013148, 2.3889372389999997, 2.375632322, 2.33055043, 2.3806820330000003, 2.373686678, 2.400163129, 2.4118704429999998, 2.398198979, 2.3732559799999997, 2.375330192, 2.364028646, 2.353872757, 2.409044499, 2.3903360869999997, 2.400369345, 2.370253068, 2.399199339, 2.397235377, 2.3617859329999997, 2.389482492, 2.403519729, 2.376171503, 2.380581797, ]
11-0-625	7	[2.396392505, 2.3981797240000002, 2.4599276359999998, 2.451578714, 2.392032419, 2.402162588, 2.370933453, 2.410680636, 2.3590381970000003, 2.411196792, 2.456662109, 2.402068044, 2.412101162, 2.4129833630000004, 2.422171718, 2.402289208, 2.375437348, 2.408798943, 2.454806847, 2.440249877, 2.381354694, 2.369475795, 2.427844684, 2.451732683, 2.396776616, 2.403295171, 2.417804404, 2.425874954, 2.3948753130000004, 2.4076524999999998, 2.3935513299999998, 2.366615706, 2.355814289, 2.3959078910000002, 2.410198687, 2.381373126, 2.401504545, 2.364638738, 2.473335249, 2.4354172820000004, ]
11-0-225	8	[2.4495206219999996, 2.3641571580000003, 2.450068002, 2.4373667899999996, 2.389577327, 2.367720308, 2.411353435, 2.4346221970000004, 2.4539849910000004, 2.447327498, 2.4665983639999998, 2.409323367, 2.4544803450000003, 2.374936768, 2.43534075, 2.453700187, 2.413023284, 2.424259672, 2.4180507569999996, 2.4126143890000002, 2.4155958440000003, 2.410438531, 2.443688099, 2.418380295, 2.3999917240000004, 2.3915579200000003, 2.407143197, 2.56234112, 2.437002393, 2.430936012, 2.4617711449999997, 2.42569147, 2.434173187, 2.37908399, 2.424517524, 2.378404487, 2.431292799, 2.405193929, 2.42474083, 2.468006261, ]
10-1-481	7	[2.3729080320000002, 2.420214969, 2.389088158, 2.415896459, 2.423785588, 2.421159688, 2.481558385, 2.433475587, 2.446194181, 2.4116466770000002, 2.415790956, 2.446557112, 2.457642495, 2.418378795, 2.4550302239999997, 2.428661195, 2.417839378, 2.516758984, 2.440395484, 2.4458594920000003, 2.4284625149999997, 2.3940509480000003, 2.4025539399999998, 2.4017939150000003, 2.417170237, 2.393522973, 2.4317087839999996, 2.3922122439999995, 2.4433714880000004, 2.396326103, 2.400104757, 2.412294669, 2.453142374, 2.413809675, 2.4042889780000003, 2.3900545450000004, 2.370342348, 2.4206701749999997, 2.432374651, 2.4887090890000003, ]
11-1-845	5	[2.422125335, 2.351614135, 2.4255327309999997, 2.3803331620000003, 2.364352817, 2.365679418, 2.412112593, 2.354618481, 2.460570797, 2.410454733, 2.378196302, 2.336122815, 2.357825802, 2.37501331, 2.369575318, 2.4013948060000003, 2.403314792, 2.365064393, 2.4045961250000003, 2.407409754, 2.420763882, 2.458575803, 2.373732027, 2.3311250379999997, 2.3635176860000002, 2.387504023, 2.434830117, 2.375970155, 2.358949603, 2.395831242, 2.406696917, 2.423887475, 2.4025829119999997, 2.3589065830000004, 2.3717277379999997, 2.338699255, 2.408393126, 2.432619312, 2.381811559, 2.4277314179999996, ]
11-0-19	9	[2.400382917, 2.438553226, 2.3868178240000004, 2.4224075860000003, 2.399696526, 2.481255911, 2.416457648, 2.424113177, 2.426274479, 2.454958608, 2.3743102780000003, 2.401258801, 2.3996347950000003, 2.3686535610000004, 2.4244145980000003, 2.427959011, 2.3951640629999997, 2.368234632, 2.443108244, 2.399901122, 2.4138074210000005, 2.42707427, 2.384749053, 2.3975698440000004, 2.4536442320000003, 2.3932414070000005, 2.4158829390000003, 2.4224136720000002, 2.386010277, 2.4435564380000003, 2.4301316699999997, 2.3950716410000004, 2.433797196, 2.3554017610000004, 2.4180069600000005, 2.354659532, 2.429398548, 2.405553843, 2.4157701580000004, 2.396862497, ]
11-1-475	4	[2.4217778909999996, 2.386014974, 2.379199491, 2.383638875, 2.374106425, 2.386824087, 2.419927253, 2.3676046939999997, 2.388896849, 2.47370388, 2.360073405, 2.3654041070000003, 2.358035306, 2.4295549760000004, 2.422965527, 2.40820172, 2.375262169, 2.359297109, 2.367525656, 2.3908197479999997, 2.398464993, 2.371767856, 2.376932676, 2.3602842390000003, 2.415882219, 2.399984613, 2.357647991, 2.360993076, 2.3494401199999997, 2.433677443, 2.378373806, 2.392533338, 2.3848327, 2.3691358730000003, 2.393363021, 2.4160952630000003, 2.378876768, 2.337888924, 2.379482928, 2.373650117, ]
11-0-119	6	[2.4583918889999996, 2.461082293, 2.433995975, 2.404874392, 2.4184909140000004, 2.4689571139999997, 2.435346945, 2.391481636, 2.3999911860000003, 2.384164362, 2.417470821, 2.416413176, 2.410484489, 2.450034896, 2.473071841, 2.366490979, 2.443839102, 2.40338821, 2.409625759, 2.436496142, 2.393406689, 2.398094973, 2.420310393, 2.396095324, 2.474500913, 2.427854869, 2.403121862, 2.437176977, 2.442040115, 2.47167404, 2.410837722, 2.4310301489999997, 2.3948388919999997, 2.485770271, 2.4169379049999997, 2.4518462760000004, 2.4354423470000004, 2.4540918649999997, 2.4945962660000003, 2.3991986, ]
11-1-272	9	[2.391056697, 2.449847588, 2.4156447610000003, 2.433204558, 2.367502401, 2.438810648, 2.403195206, 2.4017621510000002, 2.395051137, 2.428596744, 2.3991573870000003, 2.451420733, 2.403092986, 2.373924858, 2.365944407, 2.385842146, 2.372173386, 2.395271904, 2.384368393, 2.381648264, 2.415986995, 2.384897755, 2.380333179, 2.412345289, 2.382274763, 2.4041667270000002, 2.376786386, 2.414545673, 2.410863517, 2.3644884480000004, 2.429584035, 2.456507643, 2.432555023, 2.4138359309999995, 2.403945717, 2.424340547, 2.348680916, 2.411348493, 2.3955525150000003, 2.408669262, ]
11-1-919	4	[2.391861244, 2.4037710160000003, 2.379911602, 2.362502793, 2.401183115, 2.422613145, 2.4215829, 2.407032747, 2.408578817, 2.4158809310000002, 2.379028701, 2.358357541, 2.367047048, 2.375542489, 2.405533156, 2.37234548, 2.3840675239999998, 2.368086314, 2.394092439, 2.404193236, 2.3917004970000004, 2.417044645, 2.38020523, 2.375903505, 2.4209790570000003, 2.373113537, 2.434871565, 2.392072634, 2.364947396, 2.536836745, 2.391544533, 2.4212104209999996, 2.3879755940000003, 2.3792574770000003, 2.422885666, 2.466797972, 2.386075285, 2.428068425, 2.372334872, 2.335704491, ]
11-1-718	5	[2.368802569, 2.454834616, 2.42734101, 2.395235422, 2.431029795, 2.387910885, 2.434191658, 2.427991123, 2.4753745819999997, 2.382362496, 2.445480258, 2.397104536, 2.435674137, 2.434533686, 2.4334974590000003, 2.451326671, 2.44610053, 2.4572522, 2.369834227, 2.4329259149999998, 2.42116901, 2.438955706, 2.418317796, 2.3566185170000002, 2.402914347, 2.458415912, 2.453079508, 2.44536277, 2.456223822, 2.44159914, 2.379365484, 2.401736953, 2.402760691, 2.4154481110000003, 2.434225055, 2.448403209, 2.428779052, 2.379559738, 2.3938798180000003, 2.407270732, ]
11-1-326	7	[2.463149263, 2.475007323, 2.44140882, 2.465279552, 2.459715611, 2.459570645, 2.467879058, 2.500744085, 2.430270543, 2.518432459, 2.48466108, 2.4434938839999996, 2.454811497, 2.517788082, 2.5136482559999997, 2.424169324, 2.445225344, 2.4562801309999998, 2.456359779, 2.518991079, 2.479933908, 2.494493631, 2.4775871279999997, 2.4296318240000003, 2.45345729, 2.543429634, 2.460941644, 2.4537777349999996, 2.415571458, 2.4297409439999997, 2.5202219649999997, 2.553377023, 2.487942108, 2.465040874, 2.470382072, 2.422545569, 2.480207529, 2.4129224670000005, 2.4384450949999996, 2.468249603, ]
11-0-603	6	[2.355495257, 2.359782971, 2.397085824, 2.399370786, 2.351531696, 2.362975703, 2.359934786, 2.390220951, 2.382859463, 2.326090747, 2.354117404, 2.376182455, 2.407004928, 2.377295918, 2.384687821, 2.373371566, 2.3992949990000003, 2.369896097, 2.386175628, 2.397431717, 2.365146955, 2.357569974, 2.349913031, 2.362646348, 2.3945754850000003, 2.4090441040000004, 2.411455317, 2.3066352400000003, 2.410248566, 2.369585897, 2.342575451, 2.392985674, 2.41854542, 2.343618209, 2.4207268390000003, 2.367367215, 2.364102148, 2.392224016, 2.3648980459999995, 2.396314635, ]
11-0-490	6	[2.420889383, 2.3920250860000003, 2.4208095700000003, 2.4540991090000004, 2.421230683, 2.390564587, 2.528947809, 2.4012809219999998, 2.425753561, 2.408504078, 2.412967579, 2.466615848, 2.4417487309999997, 2.426855774, 2.3920521590000003, 2.434106965, 2.410235997, 2.469996841, 2.419311662, 2.435635407, 2.437143994, 2.451810765, 2.3930772929999997, 2.420096886, 2.430382188, 2.43002468, 2.4017429310000002, 2.434923265, 2.4227177760000003, 2.425379107, 2.4212784110000003, 2.447240387, 2.3938315489999997, 2.41812678, 2.467866369, 2.474972041, 2.430541722, 2.404923638, 2.4035663979999997, 2.4226514630000002, ]
11-1-826	5	[2.366210273, 2.358939954, 2.387906961, 2.382804567, 2.421684014, 2.3318057449999996, 2.386822725, 2.424372058, 2.369178972, 2.414514809, 2.346334779, 2.368254981, 2.440618689, 2.388984674, 2.307615065, 2.400665426, 2.391729217, 2.375965045, 2.380570745, 2.345658992, 2.377691942, 2.414807691, 2.3827879430000003, 2.361540002, 2.4116619360000002, 2.337421289, 2.3561849749999997, 2.4116595390000004, 2.361373013, 2.360821165, 2.3613990449999998, 2.369455617, 2.3555603329999997, 2.317937333, 2.358371309, 2.312867316, 2.3672586509999998, 2.366609391, 2.413560757, 2.321296798, ]
11-1-819	5	[2.424596385, 2.415160278, 2.4522247129999997, 2.393131828, 2.422736383, 2.375674569, 2.37722542, 2.458992968, 2.3191955159999997, 2.43835057, 2.429097547, 2.3770165640000003, 2.388789866, 2.414918406, 2.423384141, 2.558326776, 2.34524274, 2.432321043, 2.40626791, 2.411889938, 2.422194564, 2.454811042, 2.425901757, 2.386336678, 2.4622713579999997, 2.404375536, 2.360960593, 2.409512011, 2.376109361, 2.425254523, 2.422270299, 2.374346435, 2.385662515, 2.382386291, 2.4001649339999998, 2.357118042, 2.408033132, 2.427704048, 2.4098855009999998, 2.447112116, ]
10-1-458	7	[2.457872418, 2.460382558, 2.4127320670000003, 2.467767485, 2.416701749, 2.438941463, 2.431822802, 2.4697179129999998, 2.420503438, 2.4413865489999997, 2.565961608, 2.4568006689999997, 2.445089477, 2.451624057, 2.473609374, 2.411071689, 2.397913439, 2.4276136809999995, 2.441897731, 2.421152531, 2.463361246, 2.452115629, 2.476365626, 2.411110518, 2.453024621, 2.4792841460000004, 2.452695457, 2.3731665719999997, 2.45305667, 2.436716122, 2.4033331579999997, 2.430858953, 2.402052266, 2.47861611, 2.4358761639999997, 2.439034624, 2.489371054, 2.4519393569999997, 2.4327604029999996, 2.4502418489999997, ]
10-0-496	8	[2.448165125, 2.4692831870000003, 2.3888934280000003, 2.47284625, 2.4435720439999997, 2.456924089, 2.3744493490000003, 2.464299161, 2.426013828, 2.405581443, 2.459233481, 2.42033121, 2.4123394350000003, 2.372585164, 2.445665338, 2.442274179, 2.386876218, 2.458366431, 2.406302483, 2.452177361, 2.417707339, 2.3834610990000002, 2.425274762, 2.4496055660000002, 2.4167682900000003, 2.462128423, 2.424589791, 2.4155665340000003, 2.403886979, 2.401587737, 2.401431789, 2.445576975, 2.405661866, 2.420970249, 2.40980167, 2.3983755110000002, 2.4289758850000003, 2.392814391, 2.444770612, 2.4235486250000005, ]
10-0-362	8	[2.396657865, 2.45260369, 2.395722663, 2.416792165, 2.429065439, 2.4051133090000003, 2.479157385, 2.379570984, 2.438472497, 2.435784665, 2.447725906, 2.442829447, 2.4252419169999997, 2.401959654, 2.500765303, 2.455749062, 2.4386129389999995, 2.416721964, 2.3918914, 2.4155967859999996, 2.382178082, 2.435713401, 2.3979005549999997, 2.453746283, 2.457811507, 2.477605905, 2.413681579, 2.4157863230000003, 2.383724239, 2.429398112, 2.4146301589999997, 2.409501367, 2.420113594, 2.4406732389999997, 2.4807660250000003, 2.424034184, 2.430713486, 2.3973402459999997, 2.467849962, 2.399064942, ]
9-0-880	8	[2.423880285, 2.430763213, 2.4001738500000003, 2.5222969510000004, 2.4817617, 2.5256137240000003, 2.425281066, 2.389319344, 2.423820766, 2.4521438019999997, 2.453124494, 2.473616149, 2.457683649, 2.432818743, 2.434632679, 2.510296102, 2.44986994, 2.4378438659999997, 2.433692775, 2.473281535, 2.416579586, 2.4389615769999997, 2.478969097, 2.522821799, 2.471756734, 2.406755705, 2.385684062, 2.426145875, 2.479433497, 2.488987421, 2.405201228, 2.4775900809999998, 2.455514344, 2.456181245, 2.496377949, 2.445650933, 2.4874697030000004, 2.400761569, 2.482752489, 2.457118377, ]
10-0-236	8	[2.371385899, 2.363673215, 2.361985584, 2.359115945, 2.350855234, 2.345276615, 2.3013813880000002, 2.3809636690000002, 2.372927499, 2.361219209, 2.357611116, 2.393918283, 2.2960909240000005, 2.372234379, 2.349183418, 2.359325869, 2.323092803, 2.381052767, 2.3127652320000003, 2.3996754240000002, 2.393477429, 2.4089591610000003, 2.344494117, 2.3682407270000003, 2.352880765, 2.36938051, 2.3658559880000003, 2.3809826689999998, 2.341622707, 2.335809031, 2.364021657, 2.34393879, 2.363998937, 2.414798641, 2.410163849, 2.356288653, 2.347731705, 2.346010305, 2.391012304, 2.338747033, ]
10-0-783	7	[2.387438115, 2.4627547510000003, 2.424637764, 2.3698774190000003, 2.402747417, 2.4332435869999998, 2.382930576, 2.38285284, 2.5036732509999995, 2.398191842, 2.404302656, 2.3752345889999997, 2.423572411, 2.437041311, 2.4161724810000003, 2.437882644, 2.37574085, 2.3708584790000002, 2.382568743, 2.539953058, 2.3799723980000005, 2.410695239, 2.3987654689999998, 2.401887152, 2.385285489, 2.417618492, 2.362848402, 2.3848506680000003, 2.3736440960000005, 2.4379917890000002, 2.399186119, 2.404996218, 2.439391332, 2.370953405, 2.389155135, 2.439659359, 2.3679110640000003, 2.409072845, 2.396049747, 2.449242253, ]
10-0-181	8	[2.4374614880000003, 2.3977120899999997, 2.383301902, 2.3615659200000003, 2.368767012, 2.406474944, 2.3831520700000004, 2.399079214, 2.3867790090000005, 2.3741929959999997, 2.355128284, 2.360477398, 2.3947043, 2.367379582, 2.3706842249999998, 2.422809276, 2.40994031, 2.395211678, 2.36617963, 2.436297714, 2.368225712, 2.405912161, 2.414569766, 2.4139744120000004, 2.408810805, 2.493470472, 2.4291401440000002, 2.408416446, 2.3708030659999997, 2.357111372, 2.379062111, 2.403749693, 2.394817435, 2.405961241, 2.4104884490000003, 2.420098492, 2.406211211, 2.40941991, 2.409350505, 2.414160226, ]
9-1-433	7	[2.4078103530000003, 2.430901768, 2.4092312369999997, 2.4228636960000003, 2.391241221, 2.431444704, 2.433678315, 2.3833898299999996, 2.438110965, 2.4343423239999997, 2.428912704, 2.440917146, 2.4097276690000005, 2.4125460420000002, 2.425277236, 2.4413923669999997, 2.4515208049999995, 2.423680779, 2.409459218, 2.447875344, 2.385426543, 2.3909966750000002, 2.452793641, 2.464993667, 2.406709791, 2.4420242109999997, 2.4482638999999997, 2.478333798, 2.4431948849999996, 2.428258092, 2.410076599, 2.446673391, 2.4238948330000003, 2.395203941, 2.4420021949999997, 2.411666719, 2.452492544, 2.4310218650000004, 2.425418806, 2.398859523, ]
9-1-668	7	[2.4147891699999997, 2.3904617239999997, 2.3621699240000003, 2.342648904, 2.36090832, 2.438668333, 2.462053543, 2.399770138, 2.389327336, 2.394240403, 2.402224628, 2.386805914, 2.3668789439999998, 2.392363521, 2.366681028, 2.401353204, 2.37854181, 2.387394617, 2.401477786, 2.4063788130000003, 2.3942613059999998, 2.390111235, 2.3469072950000003, 2.384594072, 2.380409459, 2.375088572, 2.377697097, 2.346739066, 2.395543372, 2.389072295, 2.403856059, 2.3323976770000003, 2.366688731, 2.4218227829999996, 2.362032507, 2.383788699, 2.433565796, 2.364475732, 2.3518024989999997, 2.397224123, ]
9-0-829	6	[2.4266348929999997, 2.3589981270000004, 2.3757092419999997, 2.4041423149999996, 2.329875465, 2.3845258, 2.4343003750000003, 2.4001304400000003, 2.404916532, 2.3703085930000003, 2.344433618, 2.3927389530000003, 2.3799035159999997, 2.398458015, 2.369260117, 2.401302515, 2.382445263, 2.386720992, 2.35297171, 2.38254858, 2.3482513390000004, 2.383879211, 2.356611422, 2.4104564250000005, 2.358204034, 2.402924095, 2.391987348, 2.3349287210000003, 2.426768562, 2.3777719189999997, 2.357624201, 2.3932587979999997, 2.409065496, 2.4124724860000004, 2.355547864, 2.373616861, 2.35889381, 2.353306681, 2.41497813, 2.4140703680000004, ]
9-0-421	8	[2.41544824, 2.425031935, 2.4092815950000004, 2.4015968340000002, 2.466272226, 2.4599915149999996, 2.43675262, 2.4699531489999997, 2.4993638479999998, 2.448395286, 2.423513899, 2.472656532, 2.449965705, 2.492377864, 2.427901873, 2.48456418, 2.430494432, 2.454309442, 2.500897321, 2.467013874, 2.4423559729999997, 2.446274089, 2.463889596, 2.455083863, 2.444829249, 2.4255898040000003, 2.419394144, 2.5087890149999996, 2.506626798, 2.411996372, 2.414656213, 2.4958741140000003, 2.4271156979999997, 2.4474958869999996, 2.431837107, 2.52478014, 2.409389456, 2.436869692, 2.460175063, 2.4092703859999998, ]
8-1-402	9	[2.445164788, 2.40262419, 2.398708259, 2.480895478, 2.439989916, 2.423628346, 2.3677824419999998, 2.398374941, 2.388686056, 2.404618523, 2.405112915, 2.399133796, 2.456888644, 2.430081474, 2.3855550699999997, 2.4460543660000003, 2.402068694, 2.388545945, 2.4773102519999997, 2.360422126, 2.431523629, 2.390606088, 2.396867315, 2.4123831879999997, 2.4342776070000003, 2.3993393689999998, 2.3931542839999995, 2.377203166, 2.387637531, 2.380283989, 2.410670724, 2.461926368, 2.423370615, 2.389300738, 2.480439756, 2.444485616, 2.459605236, 2.4225827, 2.455673088, 2.3910904580000003, ]
8-1-211	8	[2.472421829, 2.5201372539999998, 2.4854124779999998, 2.499532596, 2.4938835800000003, 2.5506129989999997, 2.5123064200000003, 2.506919929, 2.489771826, 2.478748133, 2.495036954, 2.5139053340000004, 2.479687577, 2.458239625, 2.447772193, 2.558966431, 2.481135519, 2.588495962, 2.4471695419999997, 2.491349649, 2.5317982580000002, 2.46640255, 2.550933129, 2.503089204, 2.4821351750000002, 2.467275377, 2.545713495, 2.525249036, 2.498049869, 2.5311805730000003, 2.466375266, 2.5321153389999997, 2.484068225, 2.540544719, 2.548276499, 2.562566855, 2.523799151, 2.473343205, 2.521315172, 2.5167436949999997, ]
8-1-570	8	[2.4383848379999997, 2.384778762, 2.390365088, 2.369095237, 2.33515871, 2.370957893, 2.486191988, 2.353386499, 2.371156578, 2.401167209, 2.364846018, 2.420734035, 2.388168057, 2.43483107, 2.383304461, 2.384705102, 2.378525815, 2.391187258, 2.395615391, 2.3974587, 2.3827833569999997, 2.353329357, 2.4390662880000002, 2.374161966, 2.4136002039999997, 2.3942513400000003, 2.396163256, 2.386581059, 2.434826729, 2.3422619520000003, 2.3929332899999998, 2.399765765, 2.394076344, 2.357133963, 2.351718102, 2.408209742, 2.367094024, 2.381535091, 2.424900856, 2.3491377900000003, ]
8-1-514	11	[2.4118393769999997, 2.460200681, 2.45236503, 2.444049455, 2.4402536660000003, 2.438264696, 2.480513137, 2.4182179660000003, 2.432043599, 2.47933315, 2.424666797, 2.412363469, 2.4408887229999996, 2.4257832329999998, 2.410252457, 2.434492911, 2.5066084980000003, 2.450532923, 2.434325512, 2.4860688599999996, 2.4675456430000002, 2.439516464, 2.4781010500000002, 2.453772928, 2.4745870749999996, 2.43182769, 2.471404315, 2.4725539789999997, 2.45432365, 2.428251002, 2.443282079, 2.520742833, 2.487492256, 2.456358662, 2.519364445, 2.467288395, 2.4390492520000002, 2.481686687, 2.44130547, 2.4725443389999997, ]
8-1-828	7	[2.41314658, 2.386809178, 2.3946742260000002, 2.391986858, 2.39157607, 2.406381762, 2.3419427600000002, 2.379793449, 2.41627933, 2.333842675, 2.415762128, 2.393764109, 2.345274462, 2.4132577790000003, 2.4058196830000003, 2.396868685, 2.37712714, 2.392720928, 2.4018352299999997, 2.346207657, 2.417913544, 2.420580379, 2.399170133, 2.386696506, 2.418712826, 2.412825937, 2.42416037, 2.369477552, 2.395117046, 2.38865702, 2.450041612, 2.368724226, 2.407040105, 2.4384962519999998, 2.323038144, 2.4011161640000003, 2.4259370369999997, 2.365291012, 2.3891553530000005, 2.424322955, ]
8-1-714	8	[2.457037718, 2.4514668189999997, 2.481944029, 2.46286193, 2.457786348, 2.438520255, 2.478274798, 2.42140311, 2.480156454, 2.51105783, 2.541756428, 2.509453605, 2.406429918, 2.438573662, 2.4041628019999997, 2.5100649510000004, 2.4495166289999997, 2.418739167, 2.4489015949999997, 2.444380835, 2.41026432, 2.4181294280000003, 2.462414947, 2.420405604, 2.479562327, 2.426134435, 2.4473856649999997, 2.436300837, 2.490928149, 2.4739501720000003, 2.455947247, 2.424911701, 2.408265416, 2.5102375169999998, 2.420353838, 2.478850217, 2.5199877409999996, 2.404268397, 2.4374244899999997, 2.464483769, ]
8-1-764	6	[2.30487522, 2.319180976, 2.3702182979999997, 2.413143955, 2.375116098, 2.33628341, 2.366698633, 2.3504747520000002, 2.323131679, 2.357117047, 2.343281687, 2.332023069, 2.477549163, 2.3080231060000003, 2.347406723, 2.344609946, 2.3359269019999997, 2.335949145, 2.3535445960000003, 2.3212219129999996, 2.310691006, 2.305063832, 2.346638523, 2.368686235, 2.332656205, 2.335324222, 2.299790115, 2.32687568, 2.440747322, 2.344133292, 2.340205863, 2.378680558, 2.379082054, 2.324744324, 2.327592889, 2.300276404, 2.331898795, 2.30001524, 2.305037446, 2.308591166, ]
7-0-175	6	[2.438836538, 2.367534849, 2.397825402, 2.404791518, 2.387332679, 2.386602375, 2.396221051, 2.389452379, 2.45436151, 2.377069053, 2.40657907, 2.426368352, 2.431899084, 2.421540092, 2.4036198939999998, 2.3610079429999997, 2.3901876509999997, 2.3654681010000003, 2.391054041, 2.337529007, 2.4006692760000004, 2.3647790430000004, 2.420511355, 2.36789999, 2.417214311, 2.4111827979999996, 2.415229432, 2.4427109519999997, 2.455108413, 2.4624521500000003, 2.416745798, 2.38184584, 2.422322179, 2.364455845, 2.462946103, 2.378724659, 2.3807134420000002, 2.387465129, 2.420881784, 2.4008429319999998, ]
7-0-782	7	[2.4155840709999996, 2.4123513720000003, 2.417380571, 2.363317199, 2.4025781239999997, 2.383625605, 2.3614776950000005, 2.3803160300000004, 2.4032025150000003, 2.411735498, 2.4134314540000004, 2.370828215, 2.426915525, 2.390136143, 2.402110577, 2.3883847790000003, 2.426406768, 2.452883392, 2.455846635, 2.4088046370000002, 2.4480472239999997, 2.3756127030000003, 2.394632474, 2.341702706, 2.360427132, 2.4485320269999997, 2.39728364, 2.369710612, 2.4249377009999997, 2.377806507, 2.4298758849999995, 2.409848891, 2.3998338890000004, 2.380632179, 2.505514417, 2.381364508, 2.408030662, 2.379682414, 2.435927895, 2.387968551, ]
8-0-941	7	[2.4447778, 2.418887634, 2.363040799, 2.451538164, 2.403104739, 2.379713387, 2.379370325, 2.428475553, 2.420041024, 2.373569677, 2.432151171, 2.398090019, 2.4383585439999997, 2.339735423, 2.412888769, 2.423383181, 2.4343933829999997, 2.342206878, 2.3952491819999997, 2.419767816, 2.4636909030000003, 2.346414329, 2.407493382, 2.378930183, 2.364111768, 2.3731931920000005, 2.405638548, 2.38554813, 2.376629218, 2.3923261840000003, 2.416715357, 2.381403784, 2.440656121, 2.427227643, 2.4446843609999998, 2.4001033300000003, 2.391729261, 2.396290699, 2.37598516, 2.39137124, ]
7-1-50	8	[2.398923271, 2.421694774, 2.413413158, 2.445448594, 2.362136305, 2.377547488, 2.379421183, 2.398892452, 2.350118303, 2.462703995, 2.412973231, 2.384673636, 2.407817381, 2.436395172, 2.4049292510000004, 2.3846347650000004, 2.446411245, 2.394546836, 2.38565462, 2.410941063, 2.4013545880000002, 2.411227881, 2.402908818, 2.367599689, 2.351950158, 2.339369524, 2.434882996, 2.4133572660000002, 2.417178089, 2.378793104, 2.385536572, 2.407431425, 2.453848596, 2.358399717, 2.3978522030000002, 2.359222741, 2.363853423, 2.406833198, 2.433539563, 2.442779524, ]
7-1-803	6	[2.394546793, 2.376574453, 2.41114139, 2.452894607, 2.379935487, 2.439224344, 2.409352349, 2.4426613140000004, 2.4527027699999997, 2.488677116, 2.409715767, 2.435124123, 2.4155696129999997, 2.44490947, 2.4211936370000005, 2.397468623, 2.412428579, 2.421206228, 2.463379867, 2.4073802329999996, 2.392052309, 2.408826539, 2.425142285, 2.391785639, 2.441610232, 2.454596052, 2.415235902, 2.374427035, 2.4227333790000003, 2.4127312080000003, 2.457073332, 2.386030341, 2.4440170610000003, 2.4441979750000002, 2.3906788039999998, 2.443206667, 2.400412798, 2.440079304, 2.391298172, 2.396432826, ]
7-1-218	6	[2.433549531, 2.440853674, 2.396272088, 2.38131984, 2.367487906, 2.372634486, 2.376138444, 2.408042995, 2.390472055, 2.397102689, 2.405818203, 2.404615204, 2.398878205, 2.39094396, 2.411330779, 2.344144109, 2.385759581, 2.3853962539999998, 2.3880137599999998, 2.396004886, 2.383553296, 2.3771213180000004, 2.423191233, 2.42737864, 2.51638467, 2.412979152, 2.351150283, 2.41701758, 2.380113667, 2.4550430279999995, 2.366639165, 2.391450862, 2.3652895050000002, 2.4061101099999997, 2.4111194840000003, 2.390644558, 2.414980898, 2.4132726590000004, 2.400161821, 2.445963877, ]
8-0-852	9	[2.465221675, 2.443889104, 2.4220979500000004, 2.5115912920000003, 2.425490333, 2.4126052540000003, 2.44837758, 2.4360259839999996, 2.4581269740000002, 2.414340926, 2.398876064, 2.432578449, 2.4238042440000003, 2.4334158859999997, 2.404024536, 2.43465469, 2.474819002, 2.3962894489999997, 2.417668638, 2.431655531, 2.47008345, 2.425205816, 2.443103004, 2.434831094, 2.412557425, 2.454544512, 2.364287481, 2.459794762, 2.416473235, 2.4114750050000002, 2.3700600109999996, 2.4203163780000003, 2.398417985, 2.422992975, 2.418994078, 2.392725339, 2.450016016, 2.441052592, 2.427263185, 2.4531618660000003, ]
8-0-426	9	[2.411000185, 2.420880276, 2.4320560060000003, 2.378228839, 2.4238542690000004, 2.349884264, 2.4211901190000003, 2.409574173, 2.411058002, 2.395152137, 2.428062399, 2.46484329, 2.425833277, 2.435486408, 2.37898811, 2.4467520040000004, 2.354566865, 2.429919613, 2.398535662, 2.463036409, 2.4005977819999997, 2.376522178, 2.448963284, 2.44775624, 2.37783914, 2.4511330539999996, 2.3715969169999997, 2.373518574, 2.420342694, 2.396463373, 2.416393735, 2.416110695, 2.415181152, 2.39799571, 2.407571404, 2.465638636, 2.453862543, 2.492920208, 2.4528576699999998, 2.3959151710000004, ]
7-0-728	7	[2.322359756, 2.3408128350000004, 2.363676935, 2.323581664, 2.334482868, 2.3889775490000003, 2.389175444, 2.344415019, 2.353161015, 2.31987436, 2.438059193, 2.429640924, 2.364672658, 2.3428093190000006, 2.354834061, 2.374491337, 2.334523407, 2.38118122, 2.364795342, 2.4003038670000003, 2.326488877, 2.400892616, 2.3442105740000003, 2.310337038, 2.4388354540000003, 2.318696282, 2.355214717, 2.377386875, 2.40384228, 2.343268683, 2.320810323, 2.37465044, 2.367924946, 2.366498596, 2.3726079799999997, 2.391796456, 2.389930594, 2.316524434, 2.4113643540000003, 2.3130831229999997, ]
7-1-68	9	[2.382276145, 2.418720252, 2.4589685479999996, 2.4210838519999998, 2.411704994, 2.4440651090000003, 2.438262409, 2.4005994590000004, 2.422045214, 2.43794271, 2.404420711, 2.40812866, 2.44086451, 2.416095697, 2.392566043, 2.423635148, 2.410497431, 2.433335241, 2.392567376, 2.453664529, 2.4443716699999998, 2.3898939479999997, 2.43864663, 2.431657941, 2.4032461520000004, 2.4283533530000003, 2.441294175, 2.4406738719999996, 2.423820343, 2.42306458, 2.4281997950000003, 2.4858122529999997, 2.4264317359999996, 2.417534727, 2.368567595, 2.424199269, 2.439245409, 2.442632994, 2.3896411140000002, 2.445721237, ]
7-1-320	9	[2.4541464509999997, 2.403871571, 2.416285642, 2.4781915549999995, 2.445247351, 2.57311279, 2.40433837, 2.412722274, 2.48483733, 2.4258987569999997, 2.4805787969999997, 2.443346766, 2.448954665, 2.440409916, 2.445627804, 2.443031365, 2.40623054, 2.424690321, 2.461376756, 2.445494862, 2.428924775, 2.437827118, 2.4495638809999996, 2.468333177, 2.395252685, 2.523252899, 2.45509477, 2.436395289, 2.490580917, 2.453550644, 2.424843687, 2.439507375, 2.467356519, 2.454440989, 2.419371252, 2.45725845, 2.41678931, 2.4702088929999997, 2.4157200889999997, 2.4359718999999997, ]
7-0-914	7	[2.418368079, 2.3864685000000003, 2.400746865, 2.414718626, 2.384912703, 2.415763806, 2.4140823690000004, 2.476294545, 2.435356082, 2.385827494, 2.372547702, 2.39881324, 2.382881937, 2.406603096, 2.401377011, 2.425922312, 2.35862236, 2.438850265, 2.424609186, 2.4277637829999996, 2.386255409, 2.400667029, 2.4349412399999997, 2.420290562, 2.3930663720000003, 2.389361963, 2.4042474560000002, 2.430918879, 2.462880077, 2.392847933, 2.415987914, 2.3686139770000003, 2.426914904, 2.41297156, 2.448315572, 2.419164106, 2.434062225, 2.384936345, 2.372242423, 2.4035640989999996, ]
6-1-693	6	[2.423064454, 2.4178138639999998, 2.408574856, 2.4336787930000003, 2.390663868, 2.35880275, 2.381404604, 2.3929552669999996, 2.395053352, 2.4506505259999996, 2.39419906, 2.389047842, 2.46755747, 2.4556858439999996, 2.411718677, 2.494985895, 2.3823113769999997, 2.393314074, 2.425670904, 2.417763749, 2.383853723, 2.400226575, 2.4131696729999996, 2.4034173909999996, 2.375988611, 2.3404615879999997, 2.401762917, 2.376978034, 2.426465153, 2.4350339329999997, 2.412555794, 2.404652379, 2.3891772170000003, 2.630497841, 2.406737896, 2.398049894, 2.411458016, 2.420685137, 2.414015438, 2.425872972, ]
7-1-94	6	[2.34947326, 2.339530672, 2.3392925040000003, 2.360813104, 2.388541261, 2.390190574, 2.366184315, 2.374911746, 2.342546472, 2.365387756, 2.550696746, 2.431004331, 2.3421080159999996, 2.32165306, 2.39974524, 2.334133541, 2.341284434, 2.404510504, 2.463835529, 2.3953276100000003, 2.350057645, 2.3533290360000003, 2.4446455049999996, 2.3556609059999998, 2.3656503900000003, 2.3498323350000003, 2.33046297, 2.329289808, 2.417219845, 2.4066866080000002, 2.359733878, 2.3376634249999997, 2.367569521, 2.33704057, 2.377433411, 2.3602983479999997, 2.374195252, 2.398244749, 2.341778883, 2.351111098, ]
6-1-680	8	[2.4223693649999998, 2.448759946, 2.3982147969999996, 2.421667975, 2.377913713, 2.3807207339999996, 2.397017295, 2.435434586, 2.357403453, 2.4138517, 2.3767191949999997, 2.405945011, 2.421721984, 2.383127489, 2.3543354830000003, 2.406241538, 2.431917429, 2.50965198, 2.448838565, 2.389347496, 2.3789394880000003, 2.4176723940000002, 2.442680101, 2.4397808899999998, 2.34545845, 2.470613103, 2.387197704, 2.402582874, 2.3725206, 2.398814917, 2.3978222760000003, 2.4068405970000004, 2.395559187, 2.4059481419999997, 2.414218092, 2.380614344, 2.382593722, 2.4072834800000003, 2.3412963490000003, 2.436944336, ]
6-1-647	7	[2.419135358, 2.4365088339999996, 2.427605526, 2.412041057, 2.430327302, 2.420247483, 2.39177238, 2.435268902, 2.4052073210000002, 2.4318609970000002, 2.432446039, 2.3957788129999997, 2.460016779, 2.418689245, 2.426176028, 2.443268471, 2.401261835, 2.436402275, 2.432847228, 2.404063759, 2.427128326, 2.4411682590000003, 2.388261871, 2.417809491, 2.388719004, 2.354822446, 2.3983030780000005, 2.476596842, 2.416983601, 2.412750728, 2.429646426, 2.4377078489999997, 2.384465307, 2.3931556179999998, 2.4068674459999997, 2.37935979, 2.3859690170000003, 2.424036189, 2.424731561, 2.418100561, ]
5-1-900	8	[2.4303016680000002, 2.485581488, 2.45450152, 2.447607313, 2.461596287, 2.401308889, 2.504177685, 2.449926783, 2.419142166, 2.431305989, 2.463917693, 2.4360543119999996, 2.455659278, 2.4011501060000002, 2.437755011, 2.41432063, 2.477518897, 2.438821765, 2.420090736, 2.41350591, 2.455455216, 2.461046171, 2.420787688, 2.429738872, 2.461941069, 2.470760633, 2.440003222, 2.467650682, 2.428354192, 2.405762121, 2.43602656, 2.460210643, 2.410040233, 2.425978152, 2.437660093, 2.469682947, 2.472945659, 2.5435450939999997, 2.415421693, 2.4374163639999997, ]
5-1-284	8	[2.450988513, 2.430963607, 2.3501978340000003, 2.399835852, 2.4463507939999998, 2.3491700430000004, 2.418338045, 2.4349543810000003, 2.407897715, 2.3741274279999995, 2.367635063, 2.4027147820000003, 2.3822702, 2.3607441330000003, 2.4003633620000002, 2.383480286, 2.426413655, 2.381715137, 2.4263550069999997, 2.339085488, 2.394832385, 2.3883515199999996, 2.390951554, 2.3759048970000003, 2.379721049, 2.4024019880000003, 2.444225033, 2.381757325, 2.353467601, 2.426253667, 2.333623642, 2.3982303999999997, 2.3559383520000003, 2.370187067, 2.356188058, 2.389227332, 2.365580063, 2.4067340249999996, 2.3901392390000002, 2.3766660379999998, ]
6-0-611	8	[2.4605842869999996, 2.5294826550000002, 2.516558801, 2.474251248, 2.463385818, 2.4639603809999997, 2.5454853490000002, 2.531064538, 2.5290540950000002, 2.512185255, 2.487095048, 2.522887004, 2.467439325, 2.52094112, 2.5285923479999997, 2.533473608, 2.533703355, 2.5358939240000002, 2.494008808, 2.52275966, 2.525469159, 2.5120421630000003, 2.489296391, 2.556378843, 2.5575805679999997, 2.520425044, 2.578328899, 2.464484567, 2.484561719, 2.5219402929999997, 2.4567828269999996, 2.541365906, 2.521569404, 2.502737226, 2.5064520260000003, 2.5063438590000002, 2.503548831, 2.526088958, 2.478389777, 2.509066788, ]
5-0-468	8	[2.4821228939999997, 2.46771442, 2.435855648, 2.420193178, 2.461987975, 2.506129601, 2.4275049300000004, 2.487598086, 2.5033890530000003, 2.436583736, 2.448973249, 2.5082953879999996, 2.454952306, 2.430819809, 2.451188625, 2.47543736, 2.4640407179999997, 2.510904938, 2.546193867, 2.4562515200000004, 2.430885918, 2.446707182, 2.477641159, 2.454094648, 2.426252189, 2.4604309950000003, 2.483707796, 2.453813481, 2.463107651, 2.4539476039999997, 2.4477565319999997, 2.427581235, 2.43751181, 2.462658565, 2.4450127889999997, 2.439822382, 2.4767292139999997, 2.440456089, 2.431556546, 2.4453704490000003, ]
5-0-400	10	[2.457887747, 2.431809201, 2.38060208, 2.3963865029999996, 2.414307021, 2.469985863, 2.352466731, 2.4720925400000002, 2.428817426, 2.452281242, 2.437797064, 2.398586556, 2.37817063, 2.421741619, 2.447002366, 2.421418182, 2.4467824119999997, 2.4214844679999996, 2.465231719, 2.41183923, 2.398918, 2.413051037, 2.3912931019999997, 2.4149818080000003, 2.4570000590000003, 2.480558612, 2.415486489, 2.461997514, 2.4094994869999997, 2.423857749, 2.38951227, 2.3857326490000004, 2.474093602, 2.4183825260000003, 2.405504111, 2.443022489, 2.3827702960000003, 2.4898745989999997, 2.433183542, 2.40298345, ]
5-0-216	9	[2.3440911300000002, 2.403201585, 2.404014807, 2.363270353, 2.3598186210000005, 2.355138098, 2.423412193, 2.386896905, 2.392432307, 2.397470975, 2.38758579, 2.382102857, 2.367544715, 2.387664305, 2.4246067869999997, 2.377945183, 2.3732280130000003, 2.429344715, 2.39228056, 2.40336575, 2.394915793, 2.413316927, 2.381473717, 2.410607901, 2.361618578, 2.4439504579999998, 2.38131372, 2.375060929, 2.40318516, 2.442562764, 2.4614548760000003, 2.357765609, 2.373169207, 2.406539823, 2.4228540130000003, 2.407201581, 2.3925649399999998, 2.392255507, 2.386366242, 2.368077254, ]
4-1-569	8	[2.415240748, 2.4453742590000003, 2.377991041, 2.3558013319999995, 2.355229332, 2.397079689, 2.3329950600000005, 2.355356773, 2.366580558, 2.405541453, 2.3762807080000004, 2.432507704, 2.364450353, 2.343976717, 2.3697258430000003, 2.419444601, 2.416065619, 2.359664502, 2.366068401, 2.349028253, 2.401118406, 2.377911148, 2.3706224810000003, 2.3348201530000003, 2.390944572, 2.392274091, 2.386271223, 2.3445742220000003, 2.372451416, 2.418133053, 2.414939079, 2.3901911370000004, 2.3551371779999997, 2.404981146, 2.3679894170000004, 2.4061666319999997, 2.3333311329999997, 2.389430401, 2.372161168, 2.382722932, ]
5-1-141	8	[2.3801828780000003, 2.4273937819999998, 2.38939707, 2.4458290619999996, 2.437114869, 2.408347876, 2.42539799, 2.4354671439999995, 2.3619817769999996, 2.410422288, 2.365411608, 2.398634066, 2.397741386, 2.421081615, 2.4330514130000003, 2.445577651, 2.447683071, 2.430303202, 2.44871879, 2.4282077859999998, 2.403372556, 2.413496161, 2.37626884, 2.436416897, 2.4226894970000004, 2.444398406, 2.485264001, 2.4220483379999997, 2.466767679, 2.414634307, 2.3829043839999997, 2.419452808, 2.428334811, 2.430787124, 2.427169824, 2.399631189, 2.3858206920000002, 2.4446621029999998, 2.4157927470000002, 2.393391369, ]
6-0-968	8	[2.412121099, 2.393457721, 2.38699502, 2.425163814, 2.389775925, 2.344637713, 2.380624079, 2.409955789, 2.412906738, 2.42090618, 2.406928638, 2.387425539, 2.341029947, 2.4391247299999996, 2.401011772, 2.375465588, 2.338928215, 2.424539758, 2.36186671, 2.513844138, 2.372248823, 2.394152892, 2.4278384280000003, 2.371356476, 2.365148841, 2.382747141, 2.439590739, 2.430483305, 2.3779900210000005, 2.358906106, 2.3735023820000003, 2.3905748, 2.363897734, 2.363335337, 2.4503044050000002, 2.4133009010000004, 2.40798508, 2.379438206, 2.4212134470000004, 2.3593967129999998, ]
4-1-791	7	[2.416011985, 2.454890623, 2.3749023400000002, 2.4436571739999997, 2.427885307, 2.387275461, 2.449013141, 2.3893152900000003, 2.444981318, 2.397836235, 2.4652881620000002, 2.456417842, 2.419775264, 2.35844061, 2.459975722, 2.416091029, 2.457440614, 2.428145057, 2.409667664, 2.456666854, 2.405976444, 2.3747069080000003, 2.421449275, 2.468531039, 2.436386123, 2.457445948, 2.393129663, 2.416240469, 2.409553053, 2.405131335, 2.410031129, 2.423806485, 2.424002281, 2.460528749, 2.43582962, 2.36802871, 2.3947133430000003, 2.3932791570000003, 2.434588492, 2.4401145289999997, ]
4-1-693	7	[2.411882596, 2.41242913, 2.409985832, 2.434422351, 2.4436865610000003, 2.392802758, 2.455243544, 2.44340144, 2.390676115, 2.4192454530000003, 2.40649799, 2.3997423749999998, 2.387547938, 2.44674172, 2.451055246, 2.3938885460000003, 2.44737954, 2.405706587, 2.411873886, 2.3589301450000004, 2.408027738, 2.385500694, 2.405203839, 2.441513909, 2.420024973, 2.505283111, 2.450410878, 2.481219935, 2.3726406539999996, 2.419649935, 2.409007181, 2.3989440479999997, 2.4232213089999997, 2.411097262, 2.3975449309999997, 2.441837734, 2.418480494, 2.4307592430000002, 2.439801761, 2.4223296320000003, ]
5-0-210	9	[2.49268938, 2.5438905000000003, 2.534285107, 2.5304657969999997, 2.504735209, 2.542025025, 2.5447538499999998, 2.6053408780000002, 2.451594087, 2.496807401, 2.546541338, 2.578179984, 2.481986594, 2.580345205, 2.505644715, 2.5016660450000003, 2.5437451490000003, 2.474037129, 2.5005604829999997, 2.517505128, 2.488628886, 2.544689323, 2.5413932999999997, 2.56733172, 2.504815635, 2.494421847, 2.4872502470000004, 2.510012611, 2.6093586639999997, 2.575160941, 2.511342956, 2.5734790270000003, 2.5301690939999997, 2.516434126, 2.5499375619999998, 2.5209603329999997, 2.481070544, 2.562083458, 2.515937698, 2.555584927, ]
5-0-373	7	[2.414397329, 2.436152217, 2.433890827, 2.454687006, 2.4779780490000003, 2.453982878, 2.403784117, 2.4259060110000004, 2.4221889919999997, 2.3914433070000003, 2.474671989, 2.444451789, 2.456634802, 2.431314321, 2.449131427, 2.443426813, 2.471734261, 2.3784648760000002, 2.438635164, 2.4150608979999997, 2.519271535, 2.4560492739999997, 2.413893276, 2.4567181, 2.442250509, 2.44835134, 2.442115074, 2.403554741, 2.394982379, 2.432114054, 2.428650686, 2.4226584090000003, 2.456953509, 2.467963978, 2.484715444, 2.4444402530000002, 2.4414448550000003, 2.376525009, 2.454249318, 2.385085867, ]
6-0-43	9	[2.312818379, 2.414307291, 2.3598001760000002, 2.385081707, 2.436676437, 2.4042240969999997, 2.3835286520000003, 2.438160665, 2.384952619, 2.3722813759999997, 2.4712365, 2.395369943, 2.440747666, 2.352340366, 2.473190745, 2.408397365, 2.359299824, 2.394746385, 2.36963744, 2.380620311, 2.384007901, 2.391948717, 2.3868803339999998, 2.4049972660000005, 2.361624423, 2.4144589659999998, 2.3936357380000004, 2.436993623, 2.3997766269999996, 2.4103937330000003, 2.417866714, 2.403965217, 2.423781521, 2.437420368, 2.427751137, 2.426364705, 2.396293873, 2.351570723, 2.4017829959999997, 2.358153742, ]
5-0-24	11	[2.450384455, 2.37054004, 2.3930220230000003, 2.406120061, 2.383108625, 2.38585886, 2.354669453, 2.3873276800000003, 2.389171176, 2.445971975, 2.383702933, 2.410316001, 2.389269358, 2.4441722450000003, 2.427835083, 2.354902039, 2.395481364, 2.4140675220000003, 2.4246679469999997, 2.409465601, 2.4429011320000003, 2.3602378710000003, 2.374667155, 2.361071805, 2.384720335, 2.380950227, 2.386115773, 2.38260691, 2.3901082230000004, 2.356956884, 2.363007431, 2.4176148159999995, 2.3381413870000003, 2.372544355, 2.402849467, 2.394860098, 2.3989826589999996, 2.424331372, 2.388666872, 2.389534626, ]
6-1-925	5	[2.346583591, 2.354398517, 2.347786891, 2.369338171, 2.418854711, 2.319570666, 2.384297861, 2.3348241510000003, 2.387568266, 2.3795500680000004, 2.381611995, 2.441741832, 2.358583176, 2.527435276, 2.369120953, 2.347063139, 2.3821795789999998, 2.3948830439999997, 2.378479933, 2.371020742, 2.357467384, 2.366466967, 2.3413655139999996, 2.371307317, 2.403993945, 2.432248737, 2.351612637, 2.506746616, 2.3606702779999997, 2.350399177, 2.317561708, 2.37065273, 2.338358803, 2.344230148, 2.315198612, 2.32657049, 2.3917927399999996, 2.409178162, 2.381797128, 2.350119777, ]
5-1-814	6	[2.435920329, 2.434322265, 2.399914222, 2.377162921, 2.394500162, 2.405788251, 2.4087285009999997, 2.398294712, 2.457141914, 2.44557507, 2.3379975550000003, 2.4380934670000003, 2.413034167, 2.3906123690000003, 2.393268393, 2.383363633, 2.42829747, 2.453967892, 2.410860064, 2.410416519, 2.4630361709999997, 2.424925833, 2.419264343, 2.375694294, 2.427523013, 2.3935673910000004, 2.385011401, 2.4245953630000003, 2.4245769079999997, 2.4443101279999997, 2.476849078, 2.4010338129999997, 2.41883114, 2.420979681, 2.460127599, 2.403560054, 2.453045047, 2.409700171, 2.426146778, 2.410081889, ]
4-0-596	10	[2.4232138269999997, 2.4447272119999996, 2.449057635, 2.461318623, 2.483714716, 2.4093013389999998, 2.4172700110000003, 2.4115075480000003, 2.478295752, 2.425861555, 2.43378336, 2.428715844, 2.446084352, 2.461298855, 2.416488318, 2.477347857, 2.363539162, 2.479268994, 2.4676211739999996, 2.5114767970000003, 2.417705736, 2.4399691359999998, 2.473038776, 2.43245019, 2.40829939, 2.4317007580000003, 2.4432873440000002, 2.4282727499999996, 2.496581267, 2.4441004360000003, 2.437220194, 2.442029189, 2.435804087, 2.4216203389999995, 2.459744603, 2.42912907, 2.420702061, 2.519856141, 2.437092827, 2.3823648440000005, ]
6-1-450	8	[2.520899352, 2.477963832, 2.5130633419999997, 2.523218654, 2.4928463219999997, 2.4898532639999997, 2.421969297, 2.429532279, 2.51509251, 2.4815409839999996, 2.48062929, 2.495684173, 2.512621714, 2.479082188, 2.47034402, 2.446005247, 2.4843902919999996, 2.492686465, 2.475348491, 2.4685283449999997, 2.4683295089999997, 2.502861923, 2.4829463069999997, 2.504514948, 2.506309726, 2.4651002760000003, 2.477465372, 2.465289908, 2.492886998, 2.5382162999999998, 2.4608532289999996, 2.446896778, 2.458209906, 2.525871725, 2.471739718, 2.473816002, 2.450463755, 2.459368476, 2.492695545, 2.494012811, ]
6-1-968	7	[2.377103979, 2.448636057, 2.3952275960000002, 2.402223345, 2.5053105330000003, 2.3723108250000005, 2.404761086, 2.4257721109999997, 2.428960054, 2.3883064210000002, 2.3410251420000003, 2.3553983990000003, 2.42966281, 2.437226801, 2.4065242870000003, 2.367230073, 2.387541377, 2.3985847839999996, 2.3866411480000003, 2.461286168, 2.4565131420000004, 2.3473549140000003, 2.4160639159999997, 2.396199246, 2.4077219999999997, 2.400299115, 2.3442946659999997, 2.376659425, 2.445282799, 2.356547395, 2.367264315, 2.423105081, 2.4134984619999997, 2.405943027, 2.464704785, 2.3749271509999996, 2.44681487, 2.341206839, 2.3831902030000003, 2.3979347440000005, ]
4-0-242	9	[2.471821345, 2.502086565, 2.5536237390000003, 2.497095227, 2.543014825, 2.51083888, 2.519376342, 2.552948356, 2.5002290709999997, 2.487489057, 2.4531137370000002, 2.452583001, 2.60333147, 2.492250235, 2.5216281780000003, 2.5327281699999995, 2.508830433, 2.512774631, 2.448895307, 2.50818507, 2.48379978, 2.4525923929999998, 2.497620051, 2.518214433, 2.4497182929999997, 2.554962129, 2.545830008, 2.4990448069999998, 2.473859479, 2.453033932, 2.450752182, 2.443724898, 2.530899679, 2.503498772, 2.501559454, 2.5172435049999997, 2.488662372, 2.492972936, 2.4737685120000004, 2.5266757909999997, ]
3-0-1012	6	[2.4282821119999998, 2.350000799, 2.346428612, 2.4162397970000002, 2.3703482019999997, 2.361053056, 2.409968978, 2.4256264929999998, 2.3671123890000003, 2.39016976, 2.3609803229999997, 2.335885646, 2.361774019, 2.354734112, 2.3704941240000004, 2.412198107, 2.457317175, 2.3776547690000003, 2.3696554510000003, 2.380293096, 2.433213535, 2.354613178, 2.391423382, 2.3789693339999998, 2.4201464990000003, 2.379564578, 2.426386334, 2.348427077, 2.399261859, 2.441531628, 2.375238336, 2.369190598, 2.356793179, 2.391193884, 2.35599179, 2.358330359, 2.407938299, 2.4016240559999997, 2.4068114940000003, 2.421070152, ]
4-0-58	10	[2.435871123, 2.3656896499999998, 2.375828227, 2.3942880819999997, 2.359404937, 2.4050786250000002, 2.3981081, 2.331585423, 2.4132466459999997, 2.568727938, 2.391972767, 2.387594365, 2.37914482, 2.4322216630000004, 2.401387504, 2.3901395759999997, 2.3402104660000003, 2.3427562149999996, 2.376239398, 2.3791501040000003, 2.415394836, 2.351764058, 2.369245399, 2.397346259, 2.365582641, 2.412066105, 2.389455664, 2.3777657, 2.4233385170000004, 2.438143279, 2.3934319779999997, 2.398071509, 2.442528007, 2.374800803, 2.385726139, 2.423241388, 2.391463117, 2.371131055, 2.369118749, 2.35520294, ]
2-1-451	8	[2.4789874199999997, 2.466436959, 2.494211442, 2.4947748659999998, 2.459585578, 2.5090349439999997, 2.509793482, 2.508800456, 2.5257949440000003, 2.509897713, 2.500615721, 2.485892602, 2.4806496549999997, 2.451433044, 2.468771427, 2.482342399, 2.485015308, 2.448866364, 2.483515764, 2.4863301369999995, 2.44643727, 2.49090055, 2.4670699010000003, 2.514078572, 2.487868812, 2.536565523, 2.479406773, 2.478055652, 2.491364139, 2.544319624, 2.478546423, 2.4786580779999996, 2.542840102, 2.4645719489999998, 2.515489398, 2.5002544870000003, 2.48898295, 2.578994943, 2.4896418579999997, 2.463686071, ]
2-1-172	9	[2.4755353799999997, 2.39206159, 2.353581593, 2.3579822559999997, 2.363136743, 2.4415921760000003, 2.524286338, 2.364772688, 2.4330576170000002, 2.451454571, 2.359957177, 2.4309348, 2.408824466, 2.369847899, 2.42287042, 2.377398132, 2.470379224, 2.365949802, 2.3970525439999997, 2.3913853019999998, 2.375043362, 2.462923065, 2.4247681649999997, 2.4523025759999997, 2.4026724880000003, 2.4019011270000004, 2.4510213199999997, 2.4247790510000002, 2.464298045, 2.376825229, 2.404424567, 2.390077597, 2.407691457, 2.394180684, 2.394820818, 2.432436362, 2.40050324, 2.355946103, 2.423830627, 2.327707822, ]
2-0-966	8	[2.4777680639999997, 2.505419756, 2.590973902, 2.519144443, 2.4751426359999997, 2.4392578229999997, 2.46777452, 2.524118025, 2.521866489, 2.522081728, 2.4570391220000003, 2.44989008, 2.458054337, 2.5410341969999997, 2.4885331120000003, 2.509327775, 2.544753984, 2.4513777159999997, 2.449699154, 2.550077172, 2.5183461879999998, 2.545675379, 2.4929266830000003, 2.470314943, 2.531150736, 2.479663173, 2.454524616, 2.5287898739999997, 2.489142335, 2.4621728459999996, 2.478325824, 2.5166753980000003, 2.461684592, 2.522915827, 2.439080794, 2.504422609, 2.494295073, 2.491600304, 2.489086894, 2.4555587930000002, ]
2-0-162	11	[2.4295892059999997, 2.414163202, 2.398925631, 2.433274687, 2.490662104, 2.426259429, 2.426575996, 2.424830361, 2.458417752, 2.4330225910000003, 2.401158101, 2.4270577070000003, 2.401573063, 2.373567639, 2.428712891, 2.455409267, 2.440075391, 2.455518931, 2.43254057, 2.415922523, 2.431059874, 2.427210435, 2.48980853, 2.454408252, 2.394580449, 2.416930541, 2.3813114950000003, 2.493450457, 2.434509152, 2.4202640760000005, 2.4332659530000003, 2.444227279, 2.410197139, 2.455908045, 2.430202712, 2.4675823639999996, 2.3928063120000003, 2.465497483, 2.5009137089999998, 2.425012697, ]
3-1-202	8	[2.4516060599999996, 2.481874104, 2.4578492059999997, 2.447158129, 2.460358476, 2.4185575679999998, 2.484223812, 2.4817404, 2.417803444, 2.4529443129999997, 2.4525107100000003, 2.4649195049999997, 2.5170653400000003, 2.4411649879999997, 2.423034875, 2.374695979, 2.417927882, 2.479926302, 2.429406475, 2.4167804420000003, 2.395589381, 2.434506936, 2.459592278, 2.406551958, 2.458672065, 2.426482113, 2.433698615, 2.4594198339999997, 2.472053893, 2.4554562950000003, 2.437416322, 2.407281474, 2.483824681, 2.464754109, 2.452538576, 2.4755871149999997, 2.424663217, 2.40636207, 2.44240038, 2.453827164, ]
4-0-645	10	[2.442581421, 2.445312107, 2.439094902, 2.475251377, 2.417272036, 2.404462511, 2.389935392, 2.46416356, 2.456531749, 2.45430304, 2.4406338549999997, 2.485365733, 2.4607483770000003, 2.4588709669999997, 2.464718906, 2.378740591, 2.501899945, 2.517151021, 2.457008839, 2.441117486, 2.440960828, 2.440936929, 2.436518186, 2.4638904100000003, 2.4285809720000002, 2.430651878, 2.378282943, 2.478841749, 2.511999277, 2.429475406, 2.4613873369999997, 2.465669265, 2.4054071699999997, 2.437632493, 2.427715031, 2.430108785, 2.432298522, 2.524342974, 2.414352943, 2.397475304, ]
3-0-25	10	[2.365410584, 2.352860188, 2.38484286, 2.494794841, 2.3926635769999995, 2.330471905, 2.354316297, 2.357574693, 2.358681189, 2.391690758, 2.372206993, 2.413660634, 2.374324041, 2.298775304, 2.3825466250000003, 2.3933446160000003, 2.405233982, 2.375427479, 2.352820506, 2.3551742410000003, 2.343496558, 2.388812663, 2.396738133, 2.374627466, 2.4086952690000003, 2.393280688, 2.3340745070000004, 2.3716980949999997, 2.42463306, 2.39697738, 2.364231028, 2.383592245, 2.3471112329999997, 2.390427741, 2.39924786, 2.369152052, 2.3937803989999997, 2.372568221, 2.394118269, 2.3735706860000003, ]
2-1-343	7	[2.41367809, 2.4471943769999998, 2.425453984, 2.4362678939999998, 2.442651296, 2.45045717, 2.459956739, 2.438057918, 2.448473149, 2.508463189, 2.434107153, 2.505628388, 2.458114311, 2.441197982, 2.4662485690000002, 2.40900437, 2.4894761180000002, 2.4709787289999996, 2.44033008, 2.437038959, 2.463378797, 2.473395554, 2.7458465629999997, 2.426827598, 2.456016744, 2.429089873, 2.412892333, 2.482067333, 2.400029309, 2.40917911, 2.43603495, 2.373521792, 2.462337353, 2.5772694830000002, 2.4311382860000004, 2.504446473, 2.4836373270000003, 2.480743127, 2.42329569, 2.3829621540000003, ]
2-1-755	6	[2.4315910279999997, 2.452482519, 2.452789819, 2.384370777, 2.484219472, 2.488376706, 2.4105280259999997, 2.4714092040000004, 2.4721217839999996, 2.480115076, 2.377292754, 2.396721045, 2.44049599, 2.457936356, 2.468429303, 2.481218595, 2.416381238, 2.4050143459999997, 2.3833538749999996, 2.449719461, 2.497596349, 2.4802687420000002, 2.42719305, 2.4547403919999997, 2.42956391, 2.395563151, 2.434037871, 2.4323656299999996, 2.395074081, 2.392010764, 2.434178085, 2.412888033, 2.4573428870000003, 2.461427506, 2.429164696, 2.422740294, 2.432892036, 2.47433385, 2.479383219, 2.504851976, ]
3-1-974	5	[2.427875073, 2.4675865210000003, 2.4467185629999997, 2.41092189, 2.4104222390000003, 2.444917954, 2.4123418340000002, 2.411413424, 2.4222660549999997, 2.4593001679999995, 2.394254978, 2.450710189, 2.391898066, 2.4169756070000004, 2.413826794, 2.402611688, 2.425919852, 2.445323052, 2.405695121, 2.363917722, 2.3853360949999995, 2.417511202, 2.437574412, 2.4728849459999998, 2.414349744, 2.360409162, 2.353575955, 2.396152392, 2.479314619, 2.451551968, 2.4394192269999997, 2.409099716, 2.398500885, 2.433678958, 2.4251225659999998, 2.418408365, 2.433534035, 2.395937553, 2.4259415730000002, 2.443974726, ]
2-0-362	9	[2.41092627, 2.4238093779999996, 2.441273527, 2.48263728, 2.407537087, 2.417543263, 2.440475511, 2.4607997409999998, 2.4253491069999997, 2.414370324, 2.4056225529999997, 2.41050186, 2.443542363, 2.367633311, 2.4130130459999997, 2.618687716, 2.4141627, 2.41131924, 2.4851127140000004, 2.423662163, 2.475213913, 2.461413538, 2.433387261, 2.38877511, 2.476092396, 2.45392154, 2.430646398, 2.478006358, 2.46494636, 2.457585146, 2.355566111, 2.401433287, 2.444774198, 2.497243509, 2.46178462, 2.5016348120000003, 2.4273325359999998, 2.415289724, 2.415974191, 2.455957002, ]
1-1-284	9	[2.3968250700000002, 2.3805129210000002, 2.392375388, 2.3969272679999998, 2.367465959, 2.387933118, 2.372540195, 2.33459257, 2.371315789, 2.391094914, 2.364549008, 2.369058355, 2.4006381529999996, 2.431280197, 2.40558856, 2.396774491, 2.4201113889999997, 2.371391148, 2.3735864849999997, 2.372625672, 2.391319759, 2.369582502, 2.374472871, 2.4108672519999996, 2.3384786830000004, 2.354980919, 2.3586091490000003, 2.3821989350000004, 2.4051059539999997, 2.356706625, 2.416284663, 2.386353947, 2.3627165850000003, 2.419920444, 2.451290135, 2.422912368, 2.387772939, 2.412906592, 2.393867586, 2.378763405, ]
1-1-954	6	[2.365833635, 2.372664221, 2.601509526, 2.351194045, 2.339381933, 2.401192183, 2.330568565, 2.357375587, 2.3986229320000003, 2.422836673, 2.379662984, 2.392510483, 2.382763688, 2.388193913, 2.409448381, 2.446883271, 2.437814482, 2.388988667, 2.3638912810000003, 2.405056035, 2.380780163, 2.4005665919999997, 2.429580831, 2.4223471620000003, 2.3756366509999998, 2.417222444, 2.384281024, 2.386264069, 2.376403061, 2.401890223, 2.37524947, 2.3178239339999998, 2.435335041, 2.354035758, 2.3829782699999997, 2.386599158, 2.4548125579999995, 2.461035499, 2.426380269, 2.35821746, ]
3-1-649	8	[2.353115806, 2.4074122640000004, 2.408241916, 2.380722845, 2.422572022, 2.390550423, 2.4115284299999997, 2.3290750310000004, 2.4682800329999997, 2.416800092, 2.3916368589999997, 2.3792319639999997, 2.410426552, 2.380554526, 2.387297601, 2.366322106, 2.4538414900000003, 2.365947708, 2.333454626, 2.397648877, 2.402983999, 2.438706129, 2.410342517, 2.448684609, 2.405522345, 2.413515625, 2.411758507, 2.4448871839999997, 2.373143305, 2.4554213770000004, 2.34751342, 2.386148565, 2.358790215, 2.38332107, 2.44378741, 2.430303014, 2.4070936699999996, 2.413383332, 2.353271485, 2.389738729, ]
2-1-527	8	[2.417343828, 2.404093855, 2.3830481430000003, 2.4111499579999998, 2.366027208, 2.3609831349999997, 2.3576207940000002, 2.370140223, 2.3853882630000003, 2.4201176330000003, 2.3628845810000003, 2.344788748, 2.42540565, 2.36495464, 2.3857644870000003, 2.379939679, 2.4111421920000002, 2.389584319, 2.394239807, 2.44053624, 2.3624039900000002, 2.414129999, 2.401642764, 2.415744772, 2.418250149, 2.382565872, 2.361502776, 2.371208932, 2.408685478, 2.405691524, 2.394105111, 2.417339554, 2.3558060320000003, 2.387398943, 2.4397191649999996, 2.40791571, 2.403586378, 2.3517422409999997, 2.369133604, 2.377517255, ]
4-0-901	9	[2.447285639, 2.4488629449999997, 2.4377815619999996, 2.4925496860000003, 2.406143572, 2.439400913, 2.452874579, 2.4581462259999998, 2.474367285, 2.465098165, 2.441163701, 2.4297657200000002, 2.465442352, 2.475916544, 2.443835761, 2.474333134, 2.466069969, 2.443004098, 2.4462774449999998, 2.468625756, 2.436511184, 2.437765281, 2.425659578, 2.4556518109999996, 2.4568453869999995, 2.487306799, 2.377753811, 2.419390709, 2.479108862, 2.449377196, 2.439782636, 2.468184431, 2.479733507, 2.466649056, 2.407769977, 2.4089831860000004, 2.4350440859999996, 2.4469431609999996, 2.4353288369999997, 2.4627402849999998, ]
3-1-839	6	[2.493449618, 2.4668995849999997, 2.468487095, 2.591195509, 2.5333716649999998, 2.522454684, 2.490378288, 2.4724762670000002, 2.5131045089999997, 2.48985873, 2.475100509, 2.4913163, 2.526221503, 2.542824916, 2.4446264390000003, 2.5126933300000003, 2.4195846130000005, 2.480741971, 2.515004216, 2.449682513, 2.4595233619999997, 2.531916162, 2.486958643, 2.5247729569999997, 2.536372097, 2.496021796, 2.491205518, 2.447263428, 2.527498466, 2.5342738299999996, 2.485144834, 2.477285994, 2.469358681, 2.489985476, 2.486690447, 2.456878603, 2.5059743479999996, 2.508993941, 2.522463701, 2.510819513, ]
3-1-767	3	[2.363275072, 2.3926560909999997, 2.3743559129999996, 2.32865696, 2.331387349, 2.360873823, 2.3650375190000004, 2.342135271, 2.359053525, 2.35100382, 2.348236441, 2.379779186, 2.3441581680000003, 2.3523174289999997, 2.3577082880000004, 2.336262951, 2.360176105, 2.361953167, 2.370584207, 2.415750515, 2.372621997, 2.354342851, 2.3978684350000004, 2.339807847, 2.3335509489999997, 2.3095842760000003, 2.33692817, 2.3239941209999997, 2.378157421, 2.358271731, 2.383614649, 2.3577474670000003, 2.337649633, 2.333378814, 2.325969186, 2.304906174, 2.374932569, 2.3267243779999998, 2.362807332, 2.319995389, ]
2-0-603	8	[2.394729235, 2.3699438269999997, 2.379182796, 2.336638625, 2.38733076, 2.388662911, 2.361390642, 2.3448248720000002, 2.399905623, 2.366355779, 2.3993687969999997, 2.360040175, 2.38325927, 2.427528438, 2.3961034660000005, 2.3982883, 2.372404962, 2.410754025, 2.3430668370000003, 2.370609327, 2.363561591, 2.3334141959999997, 2.41812828, 2.364221069, 2.347969252, 2.4176305559999998, 2.339300838, 2.3679916600000004, 2.380831803, 2.377351337, 2.380137469, 2.37818445, 2.3881597660000002, 2.379609937, 2.406761581, 2.356827903, 2.3627982320000003, 2.408859463, 2.3828387810000002, 2.3706453240000003, ]
3-1-730	6	[2.4386069800000003, 2.334536494, 2.3764655350000004, 2.360416818, 2.381460035, 2.396571622, 2.404949644, 2.406320706, 2.3743398019999997, 2.367671658, 2.4241293280000002, 2.3679486159999996, 2.37095569, 2.3354960389999997, 2.3822940360000002, 2.3726356490000002, 2.346109565, 2.341974999, 2.3828838909999996, 2.380697564, 2.434407032, 2.368679169, 2.370389387, 2.392879904, 2.403078217, 2.3894961770000003, 2.3814103209999997, 2.357531939, 2.3714898100000004, 2.375659983, 2.346629415, 2.388541376, 2.398844818, 2.35110486, 2.3688194929999997, 2.329550217, 2.3481166989999998, 2.354285936, 2.381831032, 2.3469618139999997, ]
3-0-1020	5	[2.298450806, 2.3555383549999998, 2.289274474, 2.2959332789999998, 2.336048926, 2.293707384, 2.31547311, 2.2805703950000003, 2.355803421, 2.2925076449999997, 2.341506268, 2.339534028, 2.291047539, 2.2812957509999996, 2.301491278, 2.302941368, 2.297076121, 2.302380202, 2.293040004, 2.304094615, 2.290675778, 2.370691109, 2.317487054, 2.3083895229999998, 2.376786993, 2.3005555120000003, 2.287344605, 2.3088992800000003, 2.308043535, 2.293835826, 2.2720883360000004, 2.313689332, 2.299933157, 2.3740209180000003, 2.325783404, 2.320829874, 2.3309564070000004, 2.291551318, 2.294722579, 2.307364212, ]
1-1-214	8	[2.481483825, 2.491211727, 2.508084237, 2.480876032, 2.471479824, 2.527696102, 2.494102869, 2.4967697810000002, 2.472699217, 2.450843209, 2.444145692, 2.534502533, 2.495936712, 2.473049899, 2.478642953, 2.5464036539999997, 2.475343448, 2.487753038, 2.4706318319999996, 2.492084629, 2.4825627200000002, 2.4437604029999997, 2.494634601, 2.544559259, 2.464447777, 2.459853891, 2.451500701, 2.7179040189999997, 2.489297104, 2.469337537, 2.525587309, 2.4790408490000004, 2.4265893509999996, 2.474413049, 2.5017784259999996, 2.544789137, 2.514114068, 2.441171076, 2.465672146, 2.5203476790000003, ]
3-0-420	9	[2.417709346, 2.438627046, 2.397465767, 2.453345738, 2.457459556, 2.4695785399999997, 2.510309803, 2.460512035, 2.388491558, 2.429323204, 2.528585329, 2.405939408, 2.447348998, 2.4516044189999997, 2.45827831, 2.4287076570000004, 2.462328176, 2.4619318540000004, 2.5021505929999996, 2.480751024, 2.417359988, 2.405831525, 2.435708312, 2.4460124899999998, 2.46143204, 2.4444556459999998, 2.396138376, 2.427904057, 2.424747526, 2.456025219, 2.477625659, 2.450358358, 2.4698337749999997, 2.433152007, 2.380746885, 2.47490465, 2.4980892370000003, 2.4047669750000003, 2.414012231, 2.429269055, ]
1-1-957	5	[2.3831649120000002, 2.3682940099999996, 2.436247777, 2.440576314, 2.3512763230000004, 2.4190972069999996, 2.399439762, 2.4214237229999998, 2.363976691, 2.418632927, 2.3694310020000002, 2.3897207839999997, 2.50117914, 2.634541906, 2.3979536290000003, 2.417795883, 2.401941007, 2.396244222, 2.359042702, 2.368574883, 2.356767983, 2.3566007250000003, 2.3771263240000002, 2.3670790569999998, 2.393490477, 2.409078286, 2.413543501, 2.375642121, 2.409272004, 2.392425747, 2.3805727460000004, 2.403915231, 2.380271156, 2.412802112, 2.380043997, 2.411113113, 2.3841725890000003, 2.3838673939999997, 2.342066264, 2.40623598, ]
4-0-395	9	[2.393373182, 2.421918346, 2.449508738, 2.424357321, 2.394991528, 2.475627892, 2.417588178, 2.406280957, 2.422611801, 2.3897002890000003, 2.365106336, 2.402779565, 2.407091146, 2.463873283, 2.4039797949999997, 2.397294874, 2.427312584, 2.39639761, 2.4470523490000002, 2.423332982, 2.3690373229999997, 2.420044241, 2.377958777, 2.405764091, 2.4518468159999998, 2.424703419, 2.452182474, 2.417961941, 2.4004022120000004, 2.4468432829999998, 2.3742170270000003, 2.433861798, 2.414995267, 2.419042729, 2.360161173, 2.3856315749999997, 2.4290161570000004, 2.405393461, 2.375188129, 2.428091596, ]
2-0-368	10	[2.421226806, 2.4664757099999997, 2.4242304270000004, 2.4640598639999998, 2.445702723, 2.428816914, 2.385237834, 2.448839899, 2.4360991060000003, 2.4122402370000002, 2.366969449, 2.405000097, 2.38939345, 2.3869694900000002, 2.442563646, 2.42016815, 2.3879265299999997, 2.401730299, 2.390261358, 2.4388466479999997, 2.438421624, 2.3965024259999996, 2.391607616, 2.383651138, 2.397235341, 2.3837961930000002, 2.3964287669999997, 2.4170657159999998, 2.4071367720000003, 2.448437446, 2.3415339129999997, 2.4410204019999995, 2.3962302939999995, 2.447238654, 2.378092134, 2.448525879, 2.4470133350000003, 2.38888123, 2.414085459, 2.451746336, ]
3-0-894	5	[2.334938758, 2.290874952, 2.29318816, 2.398519431, 2.345137417, 2.3467130220000003, 2.344312049, 2.3329759450000003, 2.305290256, 2.3667170189999998, 2.355456671, 2.358201889, 2.319895744, 2.321671696, 2.336198399, 2.393967946, 2.307067183, 2.351194866, 2.3443862429999998, 2.352525007, 2.323617716, 2.360785467, 2.3673068610000003, 2.360911798, 2.3179264470000005, 2.372455531, 2.358919322, 2.358339414, 2.3559382540000002, 2.340617741, 2.351525798, 2.337157492, 2.353464125, 2.3148376410000004, 2.3574331060000002, 2.3836236060000004, 2.337687292, 2.35214285, 2.3725299090000003, 2.329518813, ]
1-0-101	10	[2.5086753379999998, 2.528641124, 2.4395919889999997, 2.53565582, 2.466116607, 2.447752017, 2.475143099, 2.5119647579999995, 2.491550061, 2.496285115, 2.4921513600000003, 2.4887318499999997, 2.478195351, 2.483813745, 2.503250027, 2.502532241, 2.4795251169999997, 2.48622408, 2.4593762139999997, 2.473603547, 2.492079129, 2.480000498, 2.429394044, 2.513841716, 2.541252477, 2.475101739, 2.4825522270000002, 2.4624129740000003, 2.494343166, 2.454940098, 2.511105744, 2.508541053, 2.4583273549999998, 2.5227204359999997, 2.47918919, 2.4779171829999997, 2.42350243, 2.426832774, 2.4760060019999997, 2.496285328, ]
1-0-787	9	[2.4442166000000003, 2.4313413600000002, 2.4346819340000003, 2.441397953, 2.4478002329999997, 2.441297559, 2.497549319, 2.4272353530000004, 2.4414116679999998, 2.421599508, 2.4081000240000003, 2.442684744, 2.4460371370000002, 2.435292408, 2.446702008, 2.403380712, 2.413298137, 2.4398672020000003, 2.413180563, 2.424285426, 2.441095206, 2.443750939, 2.4359865899999997, 2.420673395, 2.426231066, 2.557890495, 2.444537963, 2.456809738, 2.436954254, 2.4470248559999996, 2.449492225, 2.384218679, 2.475049291, 2.412133531, 2.503690454, 2.466200372, 2.387212995, 2.415405347, 2.4441936999999996, 2.4457076329999996, ]
0-1-553	10	[2.440907013, 2.4063751129999997, 2.394531533, 2.443166437, 2.381958473, 2.40777647, 2.425534999, 2.386045181, 2.42040902, 2.38836535, 2.422108252, 2.404141353, 2.389295946, 2.411728956, 2.396518946, 2.376338549, 2.390003248, 2.429945141, 2.453051984, 2.374723906, 2.429089825, 2.393724968, 2.4409394420000003, 2.3514738800000003, 2.409415091, 2.464528286, 2.475779366, 2.377587116, 2.419087293, 2.414497026, 2.463550592, 2.384860337, 2.411229768, 2.374101544, 2.399349953, 2.383690163, 2.402323859, 2.464661402, 2.421873936, 2.398520112, ]
0-0-410	10	[2.3647994079999997, 2.4294138280000004, 2.376444342, 2.44425048, 2.446699768, 2.425763844, 2.407301803, 2.444251718, 2.416622852, 2.437474819, 2.37368046, 2.4417175970000002, 2.422300761, 2.4287754030000004, 2.4916044779999997, 2.368937024, 2.3921980740000004, 2.4380221, 2.438868887, 2.377771116, 2.434441063, 2.380895154, 2.433158234, 2.4135073179999997, 2.395181841, 2.368293308, 2.382026132, 2.381551047, 2.448785603, 2.381045607, 2.4412186179999997, 2.434271538, 2.417246059, 2.450110875, 2.3581831380000002, 2.3917792369999997, 2.418288648, 2.399346756, 2.411812951, 2.4473727149999998, ]
1-0-941	7	[2.387054304, 2.383391386, 2.419928666, 2.4322717770000004, 2.385946713, 2.3852747169999997, 2.401843933, 2.409201023, 2.390395477, 2.407976463, 2.415400156, 2.376706144, 2.435412058, 2.4150878889999996, 2.416689687, 2.3697797830000003, 2.412256992, 2.462693172, 2.486665834, 2.392292606, 2.428677332, 2.42078622, 2.422414818, 2.427770237, 2.4212221730000003, 2.430592211, 2.410323087, 2.3941583860000004, 2.41974927, 2.473602098, 2.428519616, 2.368479111, 2.428264824, 2.405794411, 2.475758477, 2.409629916, 2.393104433, 2.430626899, 2.428140704, 2.3793531110000004, ]
0-0-242	10	[2.536274588, 2.4807601850000003, 2.4492375099999997, 2.533251443, 2.49375548, 2.460453891, 2.466840346, 2.5312862220000003, 2.502900328, 2.4455242950000002, 2.510416842, 2.500694282, 2.485305865, 2.508006082, 2.4861454849999998, 2.471116039, 2.474241869, 2.507803578, 2.4805698979999997, 2.4818383749999997, 2.446545403, 2.5047306419999997, 2.5364563799999997, 2.452809576, 2.515947997, 2.51161953, 2.5134420189999997, 2.536248157, 2.532658413, 2.440677837, 2.490055311, 2.464557524, 2.419930243, 2.490829347, 2.514718021, 2.6013696929999996, 2.515173163, 2.5227567300000002, 2.548878833, 2.4673949139999998, ]
0-1-10	12	[2.4145176609999996, 2.3804428750000004, 2.4191153990000003, 2.40165065, 2.4249159870000003, 2.424779559, 2.459641433, 2.433301373, 2.412182484, 2.4504094199999997, 2.4706785520000003, 2.414865436, 2.420334128, 2.446844371, 2.399020663, 2.425270215, 2.426922263, 2.439201903, 2.388276376, 2.449846333, 2.4951608039999997, 2.408740131, 2.414515462, 2.424574881, 2.402958071, 2.4295683360000004, 2.599682823, 2.419446186, 2.442981639, 2.466751744, 2.421667051, 2.417915451, 2.426085404, 2.4316677660000003, 2.433844674, 2.458816258, 2.505594179, 2.444552903, 2.5261109409999998, 2.443823509, ]
1-0-273	11	[2.4471186449999998, 2.427453081, 2.487181431, 2.4036057060000005, 2.4132923980000003, 2.46206529, 2.466748605, 2.399282458, 2.432011367, 2.4100797920000003, 2.4712553340000003, 2.440144418, 2.4385983920000003, 2.4535043979999998, 2.404478036, 2.4305670170000004, 2.4690716249999998, 2.4124528329999997, 2.445669693, 2.430502658, 2.3675947300000004, 2.426620648, 2.4294714649999998, 2.457264664, 2.457211397, 2.441060316, 2.446867903, 2.3863597, 2.379434902, 2.4460210360000003, 2.3803587299999998, 2.457238619, 2.419413289, 2.402076815, 2.456514176, 2.4647296770000002, 2.538524621, 2.431564154, 2.39582277, 2.4232920800000004, ]
