34-3	8	[8.464848847999999, 8.152332948000002, 8.252356633, 8.40866553, 8.299958236, 8.037435045, 8.007235818, 8.269200247, 8.152549438000001, 8.297961743, 8.439464422, 8.221165437, 8.394278629, 8.581051294, 8.300182418, 8.333450492999999, 8.234232115, 8.297377082, 8.282458944, 8.26446377, 8.374273736000001, 8.015928286, 8.679227436, 8.191097594, 8.216158864, 8.172558962, 8.235677851, 8.102324015, 8.160398691000001, 8.365616729000001, 8.249825592999999, 8.377451655000002, 8.196061834, 8.4132249, 8.22430585, 8.412187222, 8.158971880000001, 8.452050361, 8.275288433, 8.390295040000002, ]
35-31	4	[5.11778921, 5.202612972, 5.192436014, 5.196091677999999, 5.159215914, 5.17224606, 5.140509779, 5.1547910439999995, 5.046411096, 5.1164809280000005, 5.155125824000001, 5.031564851000001, 5.1430362, 5.190190494, 5.1275993799999995, 5.098796983, 5.2173461539999995, 5.113984846999999, 5.044999893, 5.217187695000001, 5.205081441, 5.075315012, 5.255686566, 5.119976606, 5.14937953, 5.226137404999999, 5.098511775, 5.299858998, 5.478431974, 5.028234099, 5.225927058, 5.302288019, 5.166061497, 5.253313675, 5.202164289000001, 5.252299836, 5.146122986, 5.120449874, 5.171315313, 5.151009178, ]
41-13	6	[5.007103976, 5.0144024620000005, 5.024849401, 5.024613242, 4.983066557, 5.036201641, 5.033251427, 4.92838214, 5.034273454, 4.993595648, 5.040987669, 5.077519122999999, 5.109203806, 5.033674531, 4.983679297, 5.006695262, 4.9937030479999995, 5.197766925, 4.949945944, 5.164901038, 5.005623914, 4.981246451, 5.042107271, 5.09181521, 5.026183948, 5.261742508, 5.0346552529999995, 5.089294466999999, 5.144950401, 5.001705974, 5.113766287, 5.1902273249999995, 5.094728589, 5.043059111000001, 5.159387927, 4.972080654999999, 5.023858465, 5.034373059, 4.978937055, 5.138309343, ]
42-19	6	[8.139594793, 8.182147021999999, 8.409352466, 8.190475069, 8.458726244, 8.221797251, 8.140432961999998, 8.093045819, 8.064517581, 7.96281014, 8.340800442, 8.356031201, 8.15877909, 8.105551823, 8.160415821, 8.064441876999998, 8.30668503, 8.274396516, 8.176376362, 7.983391794999999, 8.326355382, 8.154201536, 8.281138625999999, 8.073692111, 8.062752794000001, 8.149947805, 7.968696106, 8.068454691, 7.921751704, 8.395142543, 8.054130021, 8.174977751, 8.351424131, 8.08451113, 8.039919581, 8.220433117, 8.119215245000001, 8.036611016, 8.108908503, 8.428727447, ]
36-3	8	[8.042638294000001, 8.158978504, 8.874524444, 8.707215451, 7.962763419, 8.268915629, 8.239805274, 8.032169476, 8.217875313, 8.143582538999999, 8.129007823, 8.299152023, 8.358479327, 8.418577487, 8.384006259, 8.463573215, 8.110981059999999, 8.283200566, 8.281439395, 8.401967329000001, 8.328915625999999, 8.138119574000001, 8.445134901, 8.372490389000001, 8.117723558, 8.041510904999999, 8.188410170000001, 8.211575124, 7.9029775980000005, 8.426270315, 8.225382888, 8.201202062999998, 8.329944269, 8.196542106, 7.871295414, 8.308108423, 8.356144902, 8.219207968000001, 8.691527783, 8.162740415, ]
35-9	7	[8.179648749, 8.36906654, 8.172036081000002, 8.38827754, 8.325506097, 8.298702173999999, 8.410414955, 8.285635603000001, 8.317594882000002, 8.362447369, 8.267422564, 8.268847925, 8.25845235, 8.308650489, 8.293609155999999, 8.516876501, 8.531336818, 8.285110905, 8.276694023000001, 8.180072145999999, 8.318226162999999, 8.449156143, 8.120130757, 8.17916689, 8.433411372, 8.422028977, 8.31540839, 8.381051457, 8.730931259, 8.547978639, 8.153483061000001, 8.379496111, 8.459928122, 8.467234209, 8.302254086000001, 8.256812341, 8.525159053, 8.218161232, 8.16390318, 8.272731605, ]
56-5	7	[4.5636822509999995, 4.612548772999999, 4.4975648569999995, 4.511163325, 4.564014663, 4.571331992999999, 4.675773883, 4.572336211, 4.545247614, 4.609691389999999, 4.5654153090000005, 4.593312967, 4.680405927000001, 4.475728774, 4.537512646, 4.6293345509999995, 4.52975083, 4.693283229, 4.547854576000001, 4.502066915, 4.593453556, 4.566697715, 4.548883384000001, 4.541697292, 4.595608961, 4.579552424, 4.670962974, 4.574517697, 4.481919223, 4.662151684, 4.585556213, 4.572429892, 4.809021062999999, 4.681013944, 4.691711962, 4.601947043, 4.582605406000001, 4.878790548, 4.629927028, 4.57178819, ]
127-23	1	[4.696452161, 4.603275009, 4.675073191999999, 4.463619146999999, 4.526813058, 4.581375319, 4.555509825000001, 4.641247472, 4.661025928, 4.502727715, 4.554018054, 4.58319085, 4.564684058999999, 4.9752278190000006, 4.533450038, 4.603058801, 4.816884975, 4.611610482000001, 4.4706755529999995, 4.544896047, 4.519335996, 4.697231889, 4.571924648, 4.519656172, 4.530443497, 4.595856465000001, 4.511419975, 4.56376753, 4.594126786, 4.703751092999999, 4.591490843, 4.665071321999999, 4.682621257, 4.5422504340000005, 4.559300821, 4.648885109, 4.535300671, 4.616002411, 4.577593241, 4.583056903999999, ]
126-0	6	[7.95891964, 7.663591457999999, 7.6892087479999995, 7.837198099, 7.835482451, 8.260461684000001, 7.637395636, 7.669695312, 8.225795737999999, 7.526194287, 7.633260883, 8.050026567, 7.862403964, 7.558875251, 7.594866478, 7.8440545539999995, 7.622115453, 7.930457886999999, 7.971545697000001, 7.930930824999999, 7.862215452000001, 7.7839898000000005, 7.535942382, 7.79056099, 7.830559888000001, 7.781521737, 7.955725331000001, 7.739429931999999, 7.732879248000001, 7.648771225, 7.815115155999999, 7.741498606, 7.695764329999999, 7.608536962, 7.752275763000001, 7.628159285000001, 7.730063339999999, 7.684639197, 8.261244403000001, 8.006882941999999, ]
114-30	4	[4.883588821, 4.784931487, 4.60733055, 4.798208164, 4.665458641, 4.765805081, 4.691895506, 4.753339487000001, 4.705473017999999, 4.6028384120000005, 4.781450156, 4.775318909, 4.662140741, 4.782490815, 4.760538918, 4.688067087, 4.705669381, 4.614878749, 4.676835873, 4.621151312, 4.727911478999999, 4.7073733120000005, 4.659486852000001, 4.816830969, 4.70122136, 4.864670264, 4.899244213999999, 4.847858432, 4.77210624, 4.627961434, 4.711914417, 4.8350505550000005, 4.8640481399999995, 4.832266716, 4.841895002999999, 4.72983534, 4.751453701999999, 4.692686234, 4.876498416, 4.680928251, ]
98-11	6	[8.465144398, 8.271214134, 7.951304143, 7.919131364000001, 8.068780828, 8.28804443, 8.202436534, 8.121080006, 8.14273965, 8.126105911, 8.367722679, 8.375638267, 8.551136923, 8.318932845, 8.152745326, 8.320584328999999, 8.542935684, 8.861192969, 8.075438767000001, 8.268672036, 8.387048988, 8.391735505, 8.291121638, 8.244951958, 8.359134166999999, 8.438016079, 8.4675858, 8.300757215, 8.278900777, 8.019193665, 8.067114731, 8.305377555, 8.2595786, 8.351325407000001, 8.344722081999999, 8.166124623, 8.205416113, 8.329563391, 8.163514768, 8.149682561999999, ]
81-6	7	[4.581183041999999, 4.793447905, 4.887087147, 4.717169274, 4.795041784, 4.7237709820000005, 4.914537336, 4.6875408819999995, 4.620601633000001, 4.727536137, 4.72592409, 4.689498476, 4.698929078, 4.800641152, 4.677179598, 4.708486769, 4.676991794, 4.618566126, 4.7934981379999995, 4.643681975000001, 4.686195468, 4.664730718, 4.669200753999999, 4.7703166900000005, 4.764827051, 4.655863755, 4.801392573, 4.658886889, 4.719512644, 4.685985071, 4.642047473, 4.778678139, 4.861183072, 4.829807961, 4.677455259, 4.725482081, 4.780293187, 4.742186117, 4.661932876, 4.770777096, ]
71-7	5	[5.148535732, 5.313880955, 5.383069954000001, 5.166093147, 5.2089972389999994, 5.123980753, 5.215229279, 5.0956213550000005, 5.154923564000001, 5.290756914999999, 5.125857657, 5.157628852, 5.124364976, 5.267740911, 5.065478421, 5.149182155, 5.279415129999999, 5.1420611449999996, 5.223843744, 5.296479209, 5.25971274, 5.29646228, 5.282478586, 5.218776528, 5.183281631, 5.184122136999999, 5.185633533, 5.23420957, 5.129000084, 5.152243738, 5.236473035, 5.12503919, 5.116848620000001, 5.140525931, 5.213133692, 5.189808021, 5.277033734, 5.231373181, 5.2075836749999995, 5.122919373, ]
120-7	5	[4.635004596000001, 4.514944858, 4.484905823, 4.545675622, 4.572829328, 4.558460912, 4.562182881, 4.6198490119999995, 4.596363302, 4.503878686, 4.516576454, 4.883474936, 4.570196392, 4.612032071, 4.575587519, 4.763507579, 4.617620833999999, 4.809536605, 4.650425369, 4.544572277, 4.514254622, 4.565869883, 4.571846769, 4.550788665, 4.689939191, 4.685277522, 4.779511300999999, 4.549674987, 4.578358571, 4.539639605, 4.583603537, 4.571125114, 4.608531878, 4.588210751, 4.642758813, 4.8708581099999995, 4.71703622, 4.619354423, 4.594490544, 4.5365937160000005, ]
95-4	5	[4.796917336, 4.536482824, 4.571940108, 4.6476962539999995, 4.5137275809999995, 4.5595473460000004, 4.552798458000001, 4.5494039729999995, 4.7053374009999995, 4.548284683, 4.612700577, 4.687376221, 4.550240006, 4.567083424, 4.695282402, 4.49432974, 4.673450568, 4.566196822999999, 4.560307981999999, 4.5984621400000005, 4.633810830000001, 4.601329337, 4.564600951, 4.685957716, 4.570522132000001, 4.582337981999999, 4.6009965500000005, 4.577284228, 4.5638546820000006, 4.56296689, 4.719840981, 4.572644669000001, 4.606965914, 4.568423736, 4.554737813, 4.594824501, 4.479196228, 4.601237689, 4.4772706939999996, 4.579439155, ]
110-29	3	[4.890892123, 4.9700098420000005, 4.9987266859999995, 5.1923658669999995, 4.837351671, 5.004166107, 4.931035981, 4.877195137, 4.9793195169999995, 4.89729009, 4.916218445999999, 4.9147385020000005, 5.023315639, 4.953895, 4.922072867, 4.907622466, 4.926331416, 5.114630277, 4.932063403, 4.942755249, 4.9644722550000004, 4.977996248, 5.068190912, 4.890099678, 5.082761176, 5.051021011, 5.092332749, 4.9952575470000005, 4.950240552, 4.955962539, 4.919749468999999, 4.970726181000001, 5.071107264, 5.0888130469999995, 4.994968765, 4.921504015, 4.876985965, 5.155890671000001, 4.968735968, 4.981075834, ]
67-5	7	[5.251366641, 5.178906873000001, 5.143358695, 5.104231662, 5.253338426, 5.321812189999999, 5.143194606, 5.249124169, 5.298896288, 5.084120516, 5.153352838, 5.226722167, 5.136038374, 5.15264663, 5.241344242, 5.1533971009999995, 5.193815970999999, 5.239996732, 5.212404637000001, 5.163352817, 5.2593861969999995, 5.167738116, 5.262223723, 5.342094706, 5.137046105, 5.349029319, 5.152021094999999, 5.121609169999999, 5.031424897, 5.301227947999999, 5.197130958, 5.126258141999999, 5.100886549, 5.444377125, 5.318012097, 5.214755138, 5.180456339, 5.1946017829999995, 5.250187948000001, 5.273514474, ]
117-12	5	[4.835678844, 4.78088373, 4.672546669, 4.8868794520000005, 4.727865343, 4.797583519, 4.74929823, 4.6735132130000006, 4.757400327, 4.6755360690000005, 4.731213043, 4.712968098, 4.635754108, 4.684762506999999, 4.797332207, 4.871266746, 4.823267715, 4.688613622, 4.644257012, 4.7791734539999995, 4.660436452, 4.651581506, 4.78943871, 4.6248271590000005, 4.719237522, 4.790082319000001, 4.67450882, 4.8232267030000004, 4.755942977, 4.63627638, 4.6586922180000006, 4.814666524000001, 4.797862885000001, 4.634271169, 4.6704319949999995, 4.800767841, 4.758449889, 4.7540339330000005, 4.641322323, 4.801408953, ]
87-0	7	[7.8388927, 7.802851744000001, 7.859464228999999, 8.019371718, 7.835668567, 7.91312357, 7.780855173999999, 8.165971203, 7.725235272, 7.99230977, 7.933893091, 7.809568663, 7.81429324, 7.8179858609999995, 7.89059578, 7.716950466999999, 8.623854812, 8.010331761, 8.315923967, 8.092380826, 7.9722806330000004, 7.973146872, 7.9090795840000006, 7.659434621, 8.038064775999999, 7.849046593, 7.97981401, 7.882891845, 7.723351114, 8.513666697, 7.850146975, 7.984767144999999, 7.800483846, 7.888600584, 7.897521455, 7.6211816599999995, 7.8392136699999995, 7.863479859000001, 7.657559258999999, 7.934006595, ]
119-27	2	[7.933500412, 7.696299312, 7.860449545, 7.984181540000001, 7.738482442, 7.683284307999999, 7.896637536999999, 7.751477464000001, 7.777941021999999, 7.754956580000001, 7.801023546, 7.851832429999999, 7.829272699000001, 7.836814669000001, 7.761370293, 8.055602519, 7.839091162, 7.846008213000001, 7.843841735000001, 7.735199333, 7.77620377, 7.716900042000001, 8.170782749999999, 7.952762175, 7.7707432260000004, 7.77205128, 8.269672285, 7.841277411, 8.255324213, 7.875837575, 7.871929021, 8.167430052, 8.056316713, 7.9236309, 7.927642121000001, 7.913321767999999, 7.83249703, 7.858465815, 8.042200731000001, 7.841796703999999, ]
120-22	5	[4.513554973000001, 4.671495636, 4.598659856, 4.746968517, 4.708903712000001, 4.629684512, 4.600297722, 4.4872735619999995, 4.784084610000001, 4.532107176, 4.714095758999999, 4.68662576, 4.633221748, 4.707944617, 4.560802729, 4.484632846, 4.472382352, 4.707678244999999, 4.81201048, 4.646133088, 4.633596708, 4.528207383, 4.508360175, 4.61312849, 4.54565576, 4.569800911, 4.564899894, 4.57730788, 4.592157478000001, 4.436983861000001, 4.589315001, 4.565582361, 4.638328543, 4.492960802, 4.552595986, 4.621266812, 4.514646608, 4.4650243419999995, 4.6020611019999995, 4.825468794000001, ]
68-2	9	[8.222859816, 8.204408552, 8.487184685999999, 8.683521083, 8.384133386, 8.240634071, 8.258870747000001, 7.9765891710000005, 8.078215253, 8.086254133999999, 8.368270226, 8.36650172, 8.310600962999999, 8.359341033, 8.419078543, 8.395477326, 8.115130485, 8.341764037, 8.182716505, 8.038300092, 8.368027563, 8.366500406, 8.265691232, 8.106648754, 8.088418601, 8.251974577, 8.103404045, 8.382827199000001, 8.400558393, 8.263951715000001, 8.368724705, 8.081440686999999, 8.459329219999999, 8.388614587, 8.492029784000001, 8.09382715, 8.17773976, 8.300298594000001, 8.254335391, 8.303412607999999, ]
64-24	9	[8.239021539, 8.161839822, 8.177808113000001, 8.542040304, 8.085914064999999, 8.526833909, 8.117389117, 8.147212051, 8.110400349, 8.402625832, 8.282212525, 8.134594898, 8.432433054, 8.235407594, 8.353923449, 8.186834258000001, 8.171950616, 8.46549943, 8.382870347999999, 8.404880117000001, 8.247988012999999, 8.31499878, 8.591610692, 8.452719018, 8.361900243, 8.439919637000001, 8.25568138, 8.274889329, 8.312546642, 8.066818384, 8.640084683, 8.379263592000001, 8.424926318999999, 8.39390541, 8.157874221, 8.129840761999999, 8.103575629, 8.395747686, 8.140060291000001, 8.244933728, ]
76-5	7	[4.942577501000001, 5.122161709999999, 4.982677539000001, 4.97399478, 5.080916691, 4.891244079, 4.985461359, 4.940707331, 5.026584151, 4.885435694, 4.94682854, 4.9524901329999995, 4.900467314, 5.009200742, 4.919134388, 5.244219697, 5.059572097999999, 5.155265153999999, 4.970291545, 4.927706422, 5.006163438, 4.976879882, 5.107944109, 5.066457756999999, 4.887244291, 5.05065986, 4.881833318, 4.968739371, 5.035427525, 5.107339115, 4.904483295, 5.05459516, 4.9709740149999995, 4.95848073, 5.14137416, 5.108297547, 5.0153864619999995, 4.93506314, 5.0250737480000005, 5.023213458000001, ]
97-24	7	[8.52124384, 8.320601637000001, 8.275708842999999, 8.348462106, 8.448614784, 8.247587875, 8.49097999, 8.455000752, 8.376333929, 8.60486618, 8.329936228000001, 8.40074204, 8.656654338000001, 8.811228018, 8.359576141, 8.326424271, 8.284843124, 8.272296184, 8.680628109, 8.431563293, 8.184580511, 8.161534473, 8.341507557, 8.265563081, 8.587578398, 8.16296798, 8.189429687999999, 8.486622605, 8.555491993, 8.50853781, 8.250268095000001, 8.485796216999999, 8.330928705000002, 8.202740022, 8.219522372, 8.635309202, 8.537439494, 8.432061738, 8.388634893999999, 8.397804191, ]
88-14	6	[4.681521879, 4.712872683, 4.649563543, 4.552617509, 4.501097379, 4.530607295, 4.5433965259999995, 4.540645085, 4.5388630700000006, 4.555436075, 4.623434705, 4.659724236000001, 4.519575474, 4.529357158, 4.702546358999999, 4.649529755, 4.49301038, 4.490330199000001, 4.5002601900000005, 4.503653636, 4.5166954740000005, 4.655485369, 4.492363043, 4.658488966, 4.675666275, 4.59370826, 4.534132178, 4.5712449280000005, 4.735762583, 4.6534366170000006, 4.684107332, 4.532241724, 4.534377771, 4.669080135, 4.554744316, 4.712543942, 4.687449346, 4.606454376, 4.679153931, 4.512065740000001, ]
97-30	5	[5.2467956430000005, 5.272248475, 5.134392575, 5.202319600999999, 5.10167221, 5.197954515, 5.196438860000001, 5.1518962649999995, 5.146273823, 5.097502307999999, 5.186003147, 5.161057505, 5.368592823, 5.117633431000001, 5.202883056, 5.109234132999999, 5.229469042, 5.252536663, 5.113505902, 5.119069658000001, 5.190350008999999, 5.245657704, 5.065085925, 5.183917646, 5.239229621, 5.144262929999999, 5.154623314, 5.24665237, 5.0418796509999995, 5.1484272849999995, 5.117815556, 5.220967355, 5.170646682, 5.115202946, 5.176953618, 5.114201977, 5.099890436, 5.302230435999999, 5.098520547, 5.287940989, ]
97-28	6	[5.138742694, 5.111718526000001, 5.280561522999999, 5.152693227, 5.077511596000001, 5.341281877999999, 5.234352918, 5.133711900000001, 5.2284332749999995, 5.164690916, 5.198352281, 5.136463016, 5.119658836, 5.145402325, 5.349445506, 5.307714027, 5.252159259, 5.065452956, 5.152166202, 5.154398957000001, 5.164875141, 5.264783262, 5.310113159, 5.158129411, 5.273979962, 5.160695145, 5.103308157, 5.228419204, 5.222979627, 5.238466536, 5.23164608, 5.1543670310000005, 5.164573669, 5.203455821, 5.09125244, 5.22587983, 5.183375222, 5.223426986, 5.336941403, 5.226481517000001, ]
81-16	8	[7.934590623, 7.867354088000001, 7.893232466000001, 7.761393247999999, 8.190446324, 7.968710468, 7.641970301, 7.952426769000001, 7.886226242, 8.00004548, 7.913304037, 7.951132761999999, 7.666698169, 7.917722695, 7.79308992, 7.812663029000001, 7.880110395, 8.19482226, 7.975853356, 7.81735664, 7.893314328, 8.118541807, 7.8658788049999995, 7.846549651000001, 7.871093121, 7.796649959, 7.754612075000001, 7.983973571999999, 7.777573657, 8.072111057, 7.852665252, 7.9198302620000005, 8.098334584, 7.893377836, 7.860001220000001, 7.8421276429999995, 7.659457847999999, 7.742524483, 8.072539208, 7.841502579, ]
81-14	6	[4.703812199000001, 4.797502564, 4.7271637470000005, 4.702322271, 4.645169292, 4.775929608, 4.698354931, 4.64746634, 4.674636863, 4.73802103, 4.688018489999999, 4.627520576999999, 4.618986687, 4.964253294, 4.684830001, 4.64939828, 4.670341185, 4.679554461, 4.657412958999999, 4.865013796, 4.674464347, 4.793486628999999, 4.702230044999999, 4.646812177999999, 4.668000864000001, 4.628499338, 4.644210053999999, 4.719744029, 4.836089505, 4.690592161, 4.688478108, 4.673834202, 4.808554169000001, 4.70440066, 4.669785425, 4.649037674, 4.67812812, 4.717040753, 4.797054586000001, 4.6924112, ]
78-29	4	[5.024861767, 5.122784362, 4.987550315, 5.183170240000001, 4.9046632059999995, 4.862677015, 5.1081029099999995, 4.972811327, 4.955449763, 4.909306196, 4.981554398, 5.039279222, 5.085080101000001, 4.89619393, 5.1271452449999995, 4.839278221, 4.933681706, 4.880491465, 4.90138846, 4.974927988, 4.970814213, 4.95816913, 5.002674066, 5.077139371, 5.010506561000001, 5.037971818, 4.843372973, 5.04769027, 4.922824372999999, 5.052815767, 4.896339556999999, 5.006304119, 4.87713677, 4.974686088, 4.9022247619999995, 5.137818332, 5.272662735, 5.144637661, 4.905442475999999, 4.955521731999999, ]
126-30	2	[4.6164936579999996, 4.569084624, 4.570112826000001, 4.466393405, 4.711806487, 4.507608202, 4.499240594, 4.544762411, 4.548643539, 4.592700139, 4.455335428000001, 4.700630529, 4.4637745550000005, 4.669186655, 4.7615476789999995, 4.488488932, 4.528925492, 4.5662909759999994, 4.595540677000001, 4.5438775300000005, 4.536102993, 4.527067929, 4.456350657000001, 4.6281330689999995, 4.670119592000001, 4.545449725, 4.677125097999999, 4.464476943999999, 4.6925914749999995, 4.474688664, 5.028695406, 4.466862035, 4.532719162, 4.6788056319999995, 4.6544322010000005, 4.508426057, 4.601024613, 4.594064676, 4.530768382000001, 4.517632892, ]
120-15	4	[4.94616217, 4.550048735, 4.49083727, 4.738626722999999, 4.568123657, 4.6427846619999995, 4.660361411999999, 4.504217272, 4.583274259, 4.681635226, 4.677074055, 4.584579951, 4.505095889, 4.608079164, 4.553183378, 4.595705077, 4.672095018, 4.530995596, 4.521958402, 4.604052682, 4.484860928000001, 4.594388057, 4.467014377, 4.495592381, 4.711579041, 4.51332752, 4.542689098, 4.544503348, 4.707425873, 4.595395702, 4.496797895, 4.683149643, 4.584081048, 4.606847803999999, 4.586325199, 4.785906676, 4.603550296, 4.741179067, 4.563436878, 4.745242457, ]
120-13	5	[4.472106293, 4.550148426, 4.601269642, 4.53251632, 4.524899632, 4.572012248, 4.545398322, 4.5901656840000005, 4.561664165000001, 4.6076081040000005, 4.529893576, 4.568990508000001, 4.607271636, 4.490044528, 4.460405969, 4.5948781929999996, 4.55525118, 4.546097185, 4.604603739, 4.51202124, 4.520822897, 4.5748986910000005, 4.686192254, 4.634519044, 4.567153384, 4.687209471, 4.509859501, 4.670042522, 4.511199765000001, 4.586884413, 4.685812752, 4.550413742, 4.4606583639999995, 4.73059322, 4.66882936, 4.5884848499999995, 4.605652735, 4.543054091, 4.546803269000001, 4.5599559979999995, ]
111-17	4	[8.155025928999999, 8.11725773, 8.407047219999999, 8.609212705000001, 8.255387506, 8.355951631, 8.423435597000001, 8.342230727999999, 8.228857397999999, 8.111993841999999, 8.430925369, 8.170505005, 8.158997636, 8.589128114, 8.950662196, 8.290260989999998, 8.126837134, 8.276855279, 8.24132977, 8.367232857000001, 8.348268621999999, 8.128532996, 8.198748424, 8.116205254, 8.135114209000001, 8.169601611000001, 9.06945402, 8.117349541000001, 8.138981094, 8.327307234000001, 8.24149272, 8.667394738, 8.131546409, 8.247621322999999, 8.088887192, 8.286917423999999, 8.232026691, 8.321386186, 8.181938554, 8.105096838, ]
61-22	4	[4.592094024, 4.588465356, 4.491910819, 4.767635447999999, 4.564307146, 4.741227628000001, 4.720100171, 4.676041, 4.638598557, 4.455778252, 4.507218894, 4.615242284, 4.47857198, 4.497718645000001, 4.65282335, 4.539018407, 4.664635491, 4.5671695660000005, 4.612149131, 4.488161099, 4.715397701, 4.547854374000001, 4.561889526, 4.561363325, 4.710729572, 4.597306562, 4.480012874, 4.710995477, 4.615904727, 4.671620742, 4.728862313, 4.616443941000001, 4.5153826729999995, 4.575390781, 4.562932959, 4.623631206000001, 4.572445709, 4.560121527000001, 4.513544358, 4.542821249, ]
112-25	6	[7.9398468840000005, 7.907737175000001, 7.894199123, 7.788277530999999, 8.116712033, 7.910621896, 8.13175012, 8.246016424, 7.816787203, 7.946776912000001, 7.832415447, 8.375767992, 7.907275307999999, 7.898861749999999, 7.757662034, 7.838746679999999, 7.783022777, 7.860763498999999, 7.812486147, 7.702112251, 7.968234029, 8.024062929000001, 7.889018899000001, 7.929984022, 7.752969136000001, 7.897477389, 7.827246792, 7.903508055, 7.888167994, 7.991181579999999, 7.930066812000001, 7.997195568, 8.216401299, 7.953941198, 8.082771737, 7.921872970000001, 7.825591556999999, 7.846593766, 8.352156291999998, 7.969340570999999, ]
61-14	4	[4.563023759, 4.618034492, 4.507809912, 4.530100562, 4.537326983000001, 4.509290191, 4.715459279, 4.592695709, 4.604693649, 4.614363969, 4.6121535709999995, 4.697185217, 4.529852518999999, 4.621672212, 4.89000661, 4.566020466, 4.5458260919999995, 4.524592598, 4.51581215, 4.55963867, 4.537123768, 4.586614381, 4.587763956000001, 4.534381968000001, 4.510248635, 4.542469662, 4.656332646, 4.711773539999999, 4.773116164999999, 4.474549579, 4.542482008, 4.903423627, 4.680960445, 4.705330095, 4.573700409, 4.720530301999999, 4.517405779, 4.667932932, 4.517856291999999, 4.5727832809999995, ]
124-9	5	[7.618453081, 8.19213703, 7.801226285, 7.621904613, 7.851888268000001, 7.8076212190000005, 7.713031692, 7.745304086999999, 8.076897417, 7.611833001, 7.834720629, 7.587246417, 7.804036083000001, 7.640992290000001, 7.428182776, 8.312036384, 7.774373521, 7.705814523000001, 7.634998095, 7.905243335000001, 7.720613229, 7.660783696, 7.624883347, 7.829367307999999, 7.70322269, 7.452518306000001, 7.7459905309999995, 7.737296283, 8.186715791000001, 7.4043265069999995, 8.020485966, 7.678972836000001, 7.949313956, 7.830080264, 7.847976849999999, 7.814340937999999, 7.737481924000001, 7.6514266509999995, 7.619836315, 7.768922054, ]
100-9	7	[8.140545672, 8.344960679, 8.307867696, 8.182958109000001, 8.179734161999999, 8.243067066, 8.177722167, 8.608438208, 8.225135633, 8.126327426, 8.184012012, 8.169067451999998, 8.286141827000002, 8.198357861, 8.899276557, 8.418260889999999, 8.394285815, 8.095950471, 8.475032109, 8.07979967, 8.132038601, 8.236200855, 8.303236148, 8.160064355, 8.212210785, 8.083743099, 8.085050543, 8.276573291, 8.716956093, 8.139276710999999, 8.328219688999999, 8.582045069, 8.264010610000001, 8.237689614, 8.259087339, 8.234754697, 8.165392896, 8.156084296000001, 8.282209331, 8.139349082, ]
63-1	5	[7.891121453999999, 7.574275346, 7.84175455, 8.343621313, 7.672430118, 7.724144352, 7.826859702000001, 7.776528396999999, 7.684667936, 7.974038815, 8.070545427, 7.899860277000001, 7.959932102000001, 7.606038634, 7.919927114, 7.738807147000001, 8.040861973, 8.031184691, 7.828308852999999, 7.86286556, 7.459284515, 7.743246929, 7.841802497, 7.762061759000001, 7.600304041999999, 7.850408642, 7.745976261999999, 7.651553730999999, 7.973684269, 7.548549445, 7.6541612699999995, 7.697742461000001, 7.591690357, 7.776298291999999, 7.693273325999999, 7.668569152000001, 7.641844617, 7.628056772, 7.664907854, 7.874901444000001, ]
112-10	7	[7.775295902, 7.864183303, 8.078260293000001, 7.974116077000001, 7.857278892, 7.7618691, 7.718554510000001, 8.020930693, 8.435265043000001, 7.9536671960000005, 7.720563236, 7.935038586000001, 7.788277765, 7.94619475, 7.894664881, 7.969081844, 7.591983889000001, 8.048993974, 8.013475086, 7.903570856, 8.436313225, 7.850588617999999, 7.883621739, 7.822348444, 8.020602958, 7.979414375000001, 7.842739343000001, 8.006024622, 8.178470499, 7.919112913000001, 7.971689786, 7.730423366999999, 7.974535111999999, 7.786792655, 7.860045374, 7.7740111149999995, 7.892153844, 7.820917507999999, 8.006780782, 7.730812274000001, ]
111-4	5	[5.068876883, 5.087451408, 5.072793386, 5.035952191, 5.035572253, 5.028242811999999, 4.9643931750000005, 5.209674082, 4.97438498, 4.99820893, 5.140636164, 5.164218297, 5.052782761, 5.026047574, 5.031323703, 4.992546219, 5.143058372, 4.974805655, 4.9538515400000005, 4.997072081, 5.0270839469999995, 5.011869078999999, 5.111533937, 4.99803673, 5.080574473, 5.078541504, 5.133907806000001, 5.108345879, 5.002398639, 4.9764409370000005, 5.006537679, 4.991104013, 5.0296035660000005, 5.286259708999999, 5.144920557000001, 5.2019513250000005, 5.211408528, 5.013912244999999, 5.014896724, 5.477286769, ]
105-17	6	[8.237002858, 8.231308258999999, 8.040707886, 8.216315903, 8.165066953, 8.525640438, 8.190766635000001, 8.055064765, 8.125823932000001, 8.232953488, 8.197568614, 8.13366776, 7.9766529219999995, 8.105880786, 8.346021035, 8.279540507, 8.326452827999999, 8.181852895999999, 8.246733368000001, 8.50630003, 8.131673468, 8.055835971, 8.134532453, 8.286507188, 8.330333985, 8.236395371, 8.262916427999999, 8.330369907, 8.167214206, 8.086968876, 8.031434869, 8.145243281, 8.21269476, 8.313380058, 8.011108808, 8.354212186, 8.266648997, 8.427274976, 8.513675262, 8.206661491, ]
105-14	5	[5.135087886, 4.959855356, 4.920611255, 5.121643646000001, 5.01128135, 5.006411105, 5.122398241, 4.988877251, 5.069835912, 4.943396247000001, 5.010389244, 5.173741999, 4.9997769540000006, 5.166668671, 5.111392659, 5.270508016, 5.124812482, 5.009061153, 5.22496447, 4.967420443, 5.101659637, 4.970289575, 5.304446627, 4.9847001209999995, 5.177680825, 5.00143414, 5.141345847, 4.970168835, 5.071144469, 5.135787592, 5.027668902, 5.005865754, 5.07445184, 5.018964312, 5.014428273, 5.014516898, 4.9382483619999995, 5.056022209, 5.087709998999999, 5.047822238, ]
64-21	8	[5.054883777, 5.362154371, 5.093922705, 5.077948619, 5.049085399000001, 5.047991393, 5.026573264, 5.143567936, 5.2148234559999995, 5.071690918, 5.125416863, 5.1948939350000005, 5.064048208, 5.072818213, 5.1056804950000005, 5.2775676890000005, 5.039011629999999, 5.079018152, 5.0288927480000005, 5.153573721, 5.137907124000001, 5.062327031, 5.168470657, 5.05929458, 5.0288035849999995, 5.101660265, 5.092816082, 5.107843664, 5.092485918, 5.102099923, 5.1318622, 5.107549720000001, 5.0859668199999994, 5.149171484, 5.069535261, 5.108672077, 5.069193872, 5.19075362, 5.105845194, 5.06114942, ]
64-19	8	[8.286452552, 8.318762654999999, 8.227771038999999, 8.207566658000001, 8.174231289, 8.152703858, 8.386671622, 8.362771029, 8.373675328, 8.173817099, 8.637650791999999, 8.259754736000001, 8.259498108, 8.133458200000002, 8.467173622, 8.291689043, 8.395058931, 8.180394394, 8.451025473, 8.122067377, 8.332063081, 8.639158799999999, 8.322117523000001, 8.358739941000001, 8.144334821, 8.709537182, 8.224787236000001, 8.34681381, 8.508614324, 8.085528618000001, 8.234901875, 8.236392492, 8.911908727, 8.392220784, 8.724318565999999, 8.254064767, 8.269172937, 8.230419556000001, 8.182705217, 8.31508464, ]
65-14	7	[5.149717371, 5.153238824, 5.164265037, 5.289316669000001, 5.059868076, 5.0949345159999995, 5.136081665, 5.38800844, 5.348090331, 5.213334166, 5.132318166999999, 5.176515684, 5.193636661, 5.2651849969999995, 5.122863283, 5.235895226, 5.079304065, 5.2768885910000005, 5.159062727, 5.227273643999999, 5.09147868, 5.157842892, 5.212949790000001, 5.230372804, 5.175699316999999, 5.107081004, 5.299500286000001, 5.157091256, 5.100449051, 5.175390188, 5.388703678000001, 5.133872625, 5.163687275, 5.139393258999999, 5.361832145, 5.086374764, 5.16323158, 5.205271392, 5.136973408, 5.199085029, ]
63-8	5	[7.830434764, 7.785269974000001, 7.70930945, 7.6943324429999995, 7.598885488, 7.695576087999999, 7.686978387999999, 7.710441423000001, 7.6384466920000005, 7.423707358, 7.895856001, 7.5670465799999995, 7.706257855, 7.704732518, 7.619145521999999, 7.694079402999999, 7.498663153, 7.68232382, 7.762389911999999, 8.231800546, 7.5647666419999995, 7.8570671480000005, 7.587616012, 7.776977327999999, 8.016119381000001, 7.7914616180000005, 7.645853766, 7.983113235, 7.736853561, 8.338448057, 7.717109414000001, 7.7149638330000005, 7.717870444999999, 7.502772767, 7.759396822, 7.8406445730000005, 7.60914676, 7.6953654149999995, 7.750867776, 7.759268811000001, ]
59-18	5	[7.723599433, 8.022840852, 7.798525408000001, 8.06989149, 7.773008783, 7.799135102, 7.757483271, 7.803980974999999, 7.980375802, 7.766053277000001, 7.746555387999999, 7.566576475000001, 7.757680762000001, 7.685908239999999, 7.780441405, 7.800895149, 7.614785990000001, 7.590399498, 7.550799381999999, 7.8849121680000005, 7.750201070999999, 7.744485943999999, 7.7000496510000005, 7.651469498999999, 7.560519656, 7.664727558999999, 8.009857954, 7.981678974, 7.684198582, 7.749219458, 7.684843698000001, 7.7608974040000005, 7.658105041, 7.778752545, 7.696426649, 8.053838469, 7.8117910020000005, 8.18362978, 7.613235352, 8.15702326, ]
89-0	8	[7.560349562000001, 7.6447992220000005, 7.891742507, 7.633184833, 7.645634036, 7.949979891, 7.664603146, 7.7059584469999995, 7.870406699, 7.710662037999999, 7.789842954, 7.934321464, 7.8150909230000005, 7.700648915, 7.804818772000001, 7.678072138, 7.886876772000001, 7.766811752000001, 7.6801040490000005, 7.736795014999999, 7.646560128, 7.674185654, 7.7798975509999995, 7.806510811999999, 7.806265563, 7.789114183999999, 7.792681269000001, 7.828714876, 7.649513754, 7.629917956999999, 7.5627574200000005, 7.627050253, 7.961578607, 7.831725478999999, 7.793863677, 7.726952518000001, 7.874538971, 7.78469514, 7.55554146, 7.578374131, ]
88-28	6	[4.611622368, 4.53188903, 4.585653038, 4.716886156, 4.686360242999999, 4.578343921999999, 4.553914637, 4.53020607, 4.6972890849999995, 4.521075709, 4.7311490130000005, 4.537862633, 4.701965725, 4.5654354239999995, 4.6008061609999995, 4.556102363, 4.570026863, 4.538657381, 4.549399887, 4.470684068000001, 4.751545311, 4.573091456, 4.554459425, 4.516982364, 4.488656715, 4.491924162, 4.554889637, 4.618745114, 4.656101793, 4.596127624999999, 4.553321653, 4.621440636, 4.685267164, 4.5267124999999995, 4.682574188, 4.567748827000001, 4.53277889, 4.5700300369999995, 4.576634456, 4.642638439000001, ]
86-12	6	[4.700587774, 4.758843984, 4.671505509, 4.651256123, 4.800333324, 4.832709009999999, 4.884783257, 4.5915326599999995, 4.8396165909999995, 4.651081549, 4.714829203, 4.769176895999999, 4.717633834, 4.670141334, 4.755813666, 4.645054027, 4.668203285000001, 4.704171512, 4.651159887, 4.654011819, 4.649688653, 4.600853757, 4.682204559, 4.689609089999999, 4.808268267, 4.750947655, 4.746965583000001, 4.681626035, 4.831859905, 4.688817206, 4.81883937, 4.6709010300000005, 4.7743914830000005, 4.7922830240000005, 4.7989269100000005, 4.742743979, 4.680676876000001, 4.824855377, 4.652367133, 4.6759043909999995, ]
121-20	5	[4.752232802, 4.534007851, 4.577429385, 4.5678640790000005, 4.606867976999999, 4.570863885, 4.614141625, 4.549607014999999, 4.589203863, 4.585917674, 4.632330701, 4.559455842, 4.6100464169999995, 4.587630512, 4.5003076360000005, 4.576482179, 4.707533629, 4.632172551, 4.554184553, 4.5051368609999995, 4.593110189, 4.568403333, 4.580129954999999, 4.5244893919999996, 4.577041879, 4.583877323, 4.62172359, 4.585964889, 4.692343661000001, 4.552559636, 4.752070167, 4.675880786, 4.647205275999999, 4.526812807, 4.535151633, 4.569081197, 4.548531979000001, 4.6560164980000005, 4.784856990000001, 4.920367211, ]
70-15	5	[5.046942207000001, 5.2042672020000005, 5.151165598, 5.135586521, 4.972778556000001, 5.029602499, 4.995567552, 5.036397135, 5.246300875, 5.039279227000001, 5.1080014700000005, 5.215312249, 5.124750355000001, 5.106788687, 5.1209476, 5.0506510129999995, 5.008621931, 5.169914172, 5.143346655, 5.069803186, 5.076695578000001, 5.057186403, 5.061003064, 5.058589621, 5.1091532840000005, 5.06071883, 5.027891137, 5.173137223, 5.086735401, 5.223680946, 5.012903127, 5.114505876999999, 5.0404248339999995, 5.1385500870000005, 5.081490446, 5.083710312, 5.001030784, 5.066094417, 5.031268883, 4.967638635, ]
61-5	5	[4.723350507, 4.7734481, 4.5579503489999995, 4.6368528179999995, 4.661783032, 4.611234748, 4.560050910999999, 4.676694285, 4.553844051, 4.547927474, 4.5466989490000005, 4.516744043, 4.569956972, 4.726466931, 4.527502181, 4.68794078, 4.665740487, 4.536359561, 4.548748408000001, 4.715133203000001, 4.620660761, 4.614113629, 4.785600552, 4.594559943, 4.540824603, 4.646120365, 4.599129432, 4.570069402, 4.700859588, 4.604416637, 4.785134671, 4.7760643069999995, 4.721416693999999, 4.659641141, 4.581186756, 4.896568463, 4.534048971000001, 4.565110266, 4.791947625000001, 4.543973068000001, ]
61-0	7	[7.673391807, 8.335754242, 7.855342930999999, 7.770641310999999, 7.675033893000001, 7.639543358999999, 7.551202783, 8.524683253000001, 8.432744342, 7.525958285, 7.628936218, 7.858119805000001, 7.810426698, 7.733661902999999, 7.748786641000001, 7.723069589, 7.704115236000001, 7.792223815, 7.845508574999999, 7.747694296999999, 8.033100136, 7.722255119000001, 7.758048643, 7.738772861999999, 7.590251634, 7.612419812000001, 7.960988637000001, 7.8419415709999996, 7.945537047000001, 7.679791928999999, 7.6789935080000005, 7.742385381, 7.770246207, 7.841610041000001, 7.645046321000001, 7.655287996, 8.187724536000001, 7.738890101, 7.693174428000001, 7.671976281, ]
116-18	6	[7.744421463, 7.798146699, 7.807800633, 8.20766246, 7.887696449999999, 7.958845352000001, 7.892583042, 7.735897147, 7.9557954539999995, 7.994344905999999, 7.941042884000001, 7.868917166, 7.730802662, 7.835981464999999, 7.689348831, 7.834289994999999, 7.829345021, 7.958481108000001, 8.23086364, 7.926132906, 7.70637239, 8.058021078, 7.868613643, 7.742994363, 8.032288374, 7.725112310999999, 7.845370088, 8.199337859, 8.096074428000001, 7.7851636, 7.971898758999999, 7.901102536, 7.878589407, 7.652431443, 7.694064268000001, 7.993758872000001, 7.877209893, 7.8797993989999995, 7.684351522, 7.95158821, ]
99-19	5	[8.229499557999999, 8.440813794, 8.335247335, 8.353470394, 8.359321025, 8.260090131, 8.726572205, 8.35783844, 8.403932137, 8.232466684, 8.35267745, 8.368342498, 8.318103548, 8.322678776999998, 8.543803798999999, 8.542564436, 8.375129884, 8.343066353, 8.275633619, 8.388757058, 8.387812363, 8.73146047, 8.721211292000001, 8.559203819999999, 8.209990579000001, 8.234636151, 8.746838274, 8.931592220999999, 8.509171911, 8.19855087, 8.353800782, 8.549543644000002, 8.675475241000001, 8.237889496, 8.470053481, 8.168277515, 8.212401351, 8.505590428, 8.268304223, 8.164467725000002, ]
99-15	4	[5.1197156139999995, 5.1684314140000005, 5.297218469, 5.152461667, 5.153883131000001, 5.2729544939999995, 5.301943758, 5.199049092999999, 5.102591948000001, 5.141100921, 5.076660624, 5.224481276, 5.122706517, 5.262928294, 5.1329110280000005, 5.2120070080000005, 5.126760231, 5.226306558, 5.129614418, 5.179787237, 5.185685899, 5.119085817, 5.229167949, 5.219874536, 5.217863604, 5.168325067, 5.2351408500000005, 5.195142486, 5.254154249, 5.291977694, 5.149697172, 5.106759212, 5.120190329, 5.1275915130000005, 5.1643922259999995, 5.095746449, 5.281831327, 5.072265891, 5.14079745, 5.252411645, ]
81-19	6	[7.805946645, 7.888463441000001, 7.961218698, 7.890128782, 7.838754786999999, 8.244982837, 7.970216901999999, 8.430518523, 7.79081773, 7.824000229, 8.223962902, 8.245997566, 7.966513593, 8.078955861999999, 8.033264165999999, 8.250649458, 8.121592674, 7.775381322000001, 7.737965419000001, 8.044452256, 7.9838096929999995, 7.888280077999999, 7.788774642, 7.896874498000001, 7.811836431, 8.086823146, 7.9001554800000005, 7.806160513999999, 7.990506556000001, 7.932927719000001, 7.84421303, 8.313926755, 7.766817260999999, 8.188875128, 7.688433478, 7.964585070999999, 8.022294284, 7.772379183, 7.846345119, 7.893202401, ]
71-16	7	[8.428258645000001, 8.314463527000001, 8.397264136999999, 8.326388434, 8.342416926, 8.317158147, 8.279440668, 8.211951907, 8.794229114999998, 8.305699516999999, 8.56225963, 8.319742276, 8.325071509999999, 8.264905022999999, 8.411615982, 8.503437551, 8.388416704, 8.365797535, 8.567511853, 8.312278739, 8.322950349000001, 8.389267461, 8.197458344000001, 8.301088605, 8.273028106, 8.230892191999999, 8.329090728, 8.526617161, 8.378339156, 8.530804084, 8.312030498999999, 8.430500894, 8.186354296, 8.594432201, 8.318581728, 8.401281423999999, 8.791754413, 8.262448034, 8.529826965, 8.589460998, ]
101-25	5	[8.355593873, 8.309723012000001, 8.37478386, 8.263906625999999, 8.330369042000001, 8.371947819999999, 8.223711416999999, 8.002441512, 8.297688852, 8.175017296, 8.278918029, 8.206558421999999, 8.123133314, 8.426856013, 8.380736742, 8.096002314, 8.279940468000001, 8.491657974, 8.557061015999999, 8.462173296, 8.761941866, 8.463400767000001, 8.339523018000001, 8.388530565, 8.287773821, 8.299755509999999, 8.334881004, 8.171941945999999, 8.487660863, 8.374243347999998, 8.338147714, 8.192727835, 8.754868347, 8.272792525, 8.251608137, 8.358714544, 8.327852397000001, 8.286658754, 8.52029027, 8.245375899, ]
109-15	3	[5.0569829969999995, 5.141127509, 5.047601317, 5.012027891, 4.9340598369999995, 5.226025652000001, 4.97928242, 5.058103324, 5.078185259, 4.972545011999999, 5.122316828000001, 4.986815228999999, 5.444680878, 5.0831729260000005, 4.952487008, 4.983193444, 4.97794594, 4.983596433000001, 5.251995989, 5.0512819, 5.08481236, 5.004156482000001, 5.100337779, 5.010955331, 5.015857806, 5.085861056000001, 4.99074344, 4.9803957940000005, 4.968923913999999, 5.006603376, 5.033883987, 4.981487468, 4.9868735299999996, 4.955133559, 5.06691099, 5.025713883, 4.972487437, 5.152866315, 5.028757639, 5.019924738, ]
97-2	8	[8.183206472, 8.370818824, 8.37194591, 8.330818198, 8.533330669, 8.209107731, 8.306666316, 8.162078003000001, 8.214953362000001, 8.489060829, 8.332708848000001, 8.527883584, 8.214185334, 8.277833344000001, 8.510382957000001, 8.316711773000002, 8.295651508999999, 8.416589821, 8.047478449, 8.384503879, 8.355153087, 8.360173685, 8.660872147, 8.449128376, 8.274063099, 8.28561357, 8.469646430000001, 8.197460493, 8.516424022999999, 8.442147244, 8.257443270000001, 8.500445052, 8.258170717999999, 8.462207515, 8.253917115, 8.638144969, 8.313380221, 8.333006115, 8.462660598000001, 8.203153305, ]
97-0	9	[8.467724177, 8.472350715000001, 8.34217585, 8.434301080000001, 9.004979862, 8.562774770999999, 8.369583755, 8.48464521, 8.340491808000001, 8.38025694, 8.391623609, 8.536339345, 8.093283138, 8.354517327, 8.637507324, 8.274250846000001, 8.288737251, 8.10427129, 8.314502831, 8.261166692000002, 8.079873977, 8.338327801, 8.330564595, 8.400803587999999, 8.357117793, 8.173758574, 8.428773364, 8.407225364, 8.666957876, 8.183363654, 8.351149880000001, 8.214210217, 8.468674637, 8.364715710999999, 8.674723110999999, 8.426356756, 8.276289665, 8.508580693999999, 8.441191076, 8.235569051999999, ]
84-17	7	[7.769088912000001, 8.204147744, 7.6760440260000005, 7.796569172, 8.018697078999999, 7.642654938999999, 7.698662490999999, 7.994687956000001, 7.989316432000001, 8.058186913, 8.116592078, 7.923069062, 7.860875787, 7.8118876660000005, 7.860271574, 7.90054413, 7.639035357, 7.9287259279999995, 8.005675142000001, 8.023561146, 7.801137214, 7.773834064, 8.09341738, 7.833953126, 8.055276275, 7.954018023, 7.768762662, 7.820142263, 7.7692021669999995, 7.894202686, 7.759216442, 7.673197532, 7.858730777, 7.8740800779999995, 7.941781555, 7.977893087, 7.978469117, 7.827764273, 7.932837233, 7.860406139, ]
57-15	4	[4.606946663, 4.535359752, 4.693450066, 4.660586066, 4.814686287, 4.598897669, 4.513603862999999, 4.510649185, 4.483849716, 4.5438812440000005, 4.547559629, 4.63583691, 4.666645314999999, 4.883688696, 4.5663523569999995, 4.555880346, 4.519427454, 4.6167152399999996, 4.642403209, 4.704303994, 4.501618726, 4.514998503, 4.73362881, 4.6469645239999995, 4.487644983, 4.54893749, 4.514421072, 4.5440688279999994, 4.615822701999999, 4.58467908, 4.554346984, 4.608721547, 4.575683339, 4.541477624, 4.620182531, 4.659353749, 4.53761562, 4.4966444370000005, 4.592223812, 4.693614053999999, ]
79-23	3	[4.9585041279999995, 5.013152452, 5.095407486, 5.045457163, 4.946889439, 5.007882910999999, 5.178837809, 4.94640173, 5.115846542, 5.20902376, 5.013641123999999, 5.099057264, 5.1348205, 5.0044614329999995, 5.025724704, 5.0382968450000005, 4.986365437, 5.068246028, 5.039541283999999, 5.152881256000001, 4.981270233, 4.988234116, 5.043856334, 5.127018596, 4.959414072, 5.077771341, 4.999575837, 5.216413200000001, 5.105928474000001, 5.066281762, 5.085221189, 5.0238107329999995, 5.074273004, 5.0830798349999995, 5.093423392, 4.991406572000001, 4.989686110999999, 5.221971847, 5.042710780999999, 4.962879903999999, ]
63-14	3	[4.527474448, 4.529487253, 4.517625647, 4.6716717139999995, 4.489413560999999, 4.490090697, 4.65470035, 4.748432783, 4.638584482, 4.559112823, 4.516783751999999, 4.510047714, 4.542152365, 4.545678444, 4.752534115, 4.469933914, 4.814868969999999, 4.616299827000001, 4.555749906, 4.763598716, 4.516145986000001, 4.739278339999999, 4.694137829, 4.541002026, 4.506943694, 4.524691557, 4.635063264, 4.70483703, 4.623694317, 4.611777348, 4.667764143, 4.502419659, 4.564675522, 4.5625285049999995, 4.578873823, 4.590087864, 4.497637915, 4.584936734999999, 4.6941081, 4.544444896, ]
88-11	6	[7.732008235, 7.8052558759999995, 7.536163033999999, 7.4877735020000005, 7.628927007, 7.598559354, 7.564310719, 7.961383870000001, 8.312192272999999, 7.523126946, 7.910170109999999, 8.185548335, 7.6815720579999995, 7.7481584, 7.618912668999999, 7.65292821, 7.727556715, 7.900532913, 7.551583916, 7.663952541, 7.4820230400000005, 7.713094573, 7.889330714999999, 7.596032603, 7.644242278, 7.852661922, 8.261621253, 7.754781426999999, 7.407034459999999, 7.566411744, 7.882057322999999, 7.557793224, 7.780550093999999, 7.670496702000001, 7.786979894000001, 7.667425177, 7.852527015000001, 7.785031036, 7.696700744000001, 7.854828553000001, ]
88-7	6	[4.659768803, 4.541718446, 4.723037269, 4.5769326260000005, 4.5062285410000005, 4.582507206, 4.72493372, 4.649642351, 4.583683588, 4.5347087749999995, 4.684791852, 4.530130584999999, 4.673502134, 4.595596194, 4.56546389, 4.583165527, 4.540124093, 4.516461052, 4.508024111999999, 4.614361742, 4.527621625, 4.547908579, 4.621931383, 4.810088825, 4.544480388, 4.58826072, 4.784069704, 4.58909094, 4.657207369, 4.675944705999999, 4.630422213, 4.5089414560000005, 4.524736026, 4.535968155000001, 4.658984847999999, 4.580483753, 4.554432448, 4.8621018639999996, 5.333835166, 4.56672321, ]
73-17	7	[8.235434772, 8.003060062, 8.257843263, 8.317774807000001, 8.145263822, 8.261700448000001, 8.44052121, 8.296226335, 8.288670263, 8.258785675999999, 8.165084334000001, 7.973423256999999, 8.179776851, 8.179020324, 8.192702974, 8.222434566, 8.265481307, 8.180723661, 8.068156172, 8.120213325, 8.173135457999999, 8.067632202, 8.116466444999999, 8.280238775, 8.213263733000002, 8.285905266, 8.182072646, 8.935302377, 8.167160412, 8.412329739, 8.067788979000001, 8.165789868000001, 8.713638973, 8.325993568000001, 8.63350735, 8.069259897, 8.221329545, 8.049321643999999, 8.290781625000001, 8.287131538, ]
44-25	6	[8.35542517, 8.117125366, 8.176935475999999, 8.184361151000001, 8.476750166, 7.9623245990000004, 8.058977355, 8.142631485, 8.17982679, 7.948632148999999, 8.426538564, 8.140692919000001, 8.201606380000001, 8.422928042, 8.307490345, 8.455532323, 8.155574081000001, 8.187152915, 8.139686631, 8.154781659, 8.045804729, 8.087897701, 8.209763343999999, 8.117691903999999, 8.47592822, 8.029734874999999, 8.029337854, 8.031234193000001, 8.206351873, 8.074982803000001, 8.234828837, 8.139870815, 8.071712931, 8.034588567, 8.487817249999999, 7.986200973000001, 8.0052702, 7.935387135, 7.941307372000001, 8.226994322, ]
51-5	6	[4.753982672, 4.8832001, 4.6750748070000006, 4.833710442, 4.7470713, 4.8300464850000004, 4.724706503999999, 4.870456286, 4.884541788, 4.769945869, 4.717514072, 4.708977866000001, 4.912415716, 4.719927242, 4.67003501, 4.768431987, 4.890929406, 4.701119739, 4.748820005, 4.718106656, 4.771613661, 4.752750201, 4.652003486, 4.715724279, 4.878947757, 4.7230624919999995, 4.704425259, 4.808386124, 4.834360627, 4.623541898, 4.721593403999999, 4.778450524, 4.699443367, 4.7998023519999995, 4.798504660000001, 4.714688552, 4.655366755999999, 4.681908762, 5.017136987000001, 4.868948190999999, ]
44-4	8	[5.070018764, 5.058380014, 4.9815274700000005, 4.927328854, 4.888684777, 4.9216811, 5.0899939320000005, 4.99456432, 4.980968216, 5.008678697, 4.844124785, 4.939357524, 5.032148399, 5.0444400929999995, 4.863975846, 4.969160211, 4.8793884279999995, 4.930568707000001, 5.0169257080000005, 5.028206084, 4.963750633, 4.8565821069999995, 4.954563059, 4.93839703, 4.945497416, 5.121389096, 4.9812495640000005, 5.003591723, 4.888289564, 4.8897579680000005, 4.918088225, 5.076710526, 4.922397207, 5.117277420000001, 5.058752234, 5.25391283, 5.118603927, 4.941821812, 5.070767806, 4.944293911, ]
47-16	6	[8.205429091000001, 8.177868711, 8.621703441, 8.109170191, 8.348868233000001, 8.126049627999999, 8.174282515, 8.157598148, 8.563322461, 8.477861457, 8.604934046, 8.116435254, 8.070837787, 8.08483422, 8.450814698, 8.226838033, 8.315237593, 8.100812018, 8.233088727, 8.242912591, 8.200578797999999, 8.367992911, 8.236271933, 8.500544686, 8.230409975, 8.120040388000001, 8.145642338, 8.270611074000001, 8.108233662, 8.126206743, 8.46163573, 8.638902245999999, 8.187627447999999, 8.082203714, 8.076045702, 8.161731979, 8.212659474, 8.589115615, 8.160925474, 8.469999909, ]
46-20	6	[4.998731073, 4.939135062, 4.996071741, 5.016685324, 4.934387896, 5.111550783, 5.271164768, 4.994938589, 5.126124807, 5.231139935, 5.082911368, 4.9448802789999995, 4.974342943, 5.061434177, 5.0517703350000005, 4.937766035, 5.282239521, 5.0502891089999995, 5.102177585000001, 5.062264659, 5.109729934, 5.003695056000001, 4.954681025, 4.991829534000001, 4.94129529, 5.067755047, 5.094099203, 5.126920065, 4.972696371, 4.946689742999999, 5.04924547, 4.907655823, 4.955800192, 5.064044445, 5.128530990000001, 4.913497509, 5.059079401, 4.936145656, 4.905206185, 4.922976986, ]
50-26	6	[7.711191052999999, 7.977911066, 7.7079912749999995, 7.839231498999999, 7.863842137000001, 7.813196435, 7.929587268000001, 8.030770065, 8.074595357, 8.017551959, 8.224514206, 7.836461041000001, 8.080277595999998, 7.780846301, 7.772200989, 7.946762409, 8.025433386, 7.937715821000001, 8.232387855, 7.810964222999999, 7.803367924, 7.941588543999999, 7.842904193, 7.756793315, 7.877550544000001, 7.8330168790000005, 7.840566483000001, 7.994102112999999, 7.806573418999999, 7.998439821999999, 7.9063652939999995, 7.764845536000001, 8.141276399, 7.899547623, 7.890868107, 7.8081108519999995, 7.835197725999999, 7.803787052000001, 8.021699665, 7.990541048999999, ]
49-18	7	[7.990113957000001, 8.056447135, 7.959648551, 8.036541798, 7.769364978, 8.032807241999999, 7.758873446, 7.837264772, 7.787839451000001, 7.839097296, 8.127909058, 7.889495134, 7.816570127, 7.997115161, 8.110733247999999, 7.731421504, 7.705594713, 7.99475818, 7.9365416799999995, 8.415720688, 7.865571639, 7.769326898, 7.829960487000001, 7.825043423, 8.195958374, 7.766693473000001, 7.950765973999999, 8.050022847, 7.899027531000001, 7.913444166000001, 8.022184936, 7.749135802, 7.909636732, 7.8268490569999996, 7.799800862, 7.976565529, 7.904650192, 8.27154212, 7.83590597, 7.845926062000001, ]
46-17	6	[7.995405793000001, 7.9513298610000005, 8.106621398000001, 8.078761002, 8.355276837, 8.169852866, 8.127439274, 8.314549923, 8.19712198, 8.028313995, 8.365921228, 8.056722519, 8.167493706, 7.995792771, 8.033416679, 8.497183103000001, 7.924689342000001, 8.156951503, 8.173040009, 7.98925135, 7.978135183, 8.029629255, 8.140939622, 8.218640622, 8.230091281, 8.260164583, 8.000845007999999, 8.155431608, 7.9891239050000005, 8.379278353999998, 7.9941344700000005, 8.183625609, 8.126254757, 8.299428016, 8.357978722, 8.355041578000002, 8.133378253, 8.011576962, 8.197281731, 8.211127544, ]
45-1	7	[8.291916968, 8.070024941, 8.309192405, 8.306636247, 8.313156625, 8.085003246000001, 8.100287154, 8.028846623, 8.072095034, 8.092706183, 8.235972209, 8.364634967, 8.309520817, 8.183180952, 8.184160509, 8.384376539, 8.265765935000001, 8.272234604, 8.257538718, 8.570324397, 8.389298052, 7.942628476, 8.173944458, 8.239204341, 8.076572223, 8.182899878999999, 8.49789993, 8.357423371000001, 8.320464663, 8.067529878, 8.25623756, 8.095714848, 8.080937126999999, 8.137806173, 8.028370507, 8.322780445, 8.458780946000001, 8.313434762, 8.398829927, 8.265111346000001, ]
39-28	5	[5.138225051, 5.15893811, 5.208686371000001, 5.133818057999999, 5.364618130999999, 5.17019227, 5.119912182, 5.173330075000001, 5.191931671000001, 5.159208386, 5.1558033619999994, 5.256160212, 5.132143943, 5.156646800999999, 5.297908016, 5.155324232, 5.121269676, 5.143923794, 5.274938769999999, 5.132123237999999, 5.192177963, 5.102683744, 5.137502948, 5.113512726, 5.33974951, 5.1867724719999995, 5.146046124, 5.626208702, 5.1958179509999995, 5.230772195, 5.255260583, 5.145911632, 5.197823935, 5.25200443, 5.101447189, 5.214690434, 5.280951239, 5.185637466, 5.332310328, 5.271104106, ]
40-27	6	[8.127153519999998, 8.337261809000001, 8.022726747, 8.093737405, 8.051369309, 8.080117846999999, 8.02280597, 8.336126369, 8.039222426, 7.924636137999999, 8.044989082999999, 8.034049678999999, 7.934191102, 8.044042446, 8.096927764, 8.1053125, 8.005149021, 8.083696828999999, 8.363835607, 8.232815344, 8.011973790999999, 8.149831552, 8.079577231, 7.884596872, 8.028050037000002, 8.41171524, 8.069575980000002, 8.177892777, 8.030996623, 8.073069344, 8.054197368, 8.21110571, 8.159256954, 8.352998225, 8.118256734, 8.003587473, 8.003302619, 8.003020956999999, 8.037654638, 8.004408931999999, ]
27-21	5	[4.799983681, 4.610020213, 4.527422242999999, 4.71113857, 4.8225040869999996, 4.519659841, 4.657190547, 4.613285112, 4.717087515999999, 4.603534725, 4.569540349, 4.5442939319999995, 4.67739656, 4.760939088, 4.5568526700000005, 4.561798603000001, 4.544246914, 4.766442507, 4.536555462000001, 4.557209095, 4.495831194, 4.628602464, 4.518724467, 4.605388617, 4.729104376, 4.606773369, 4.523104429, 4.537945888, 4.723256409999999, 4.570944207, 4.695485095, 4.494080485, 4.547539293000001, 4.5019429749999995, 4.530060228, 4.564720932, 4.708354749000001, 4.63985043, 4.553298106, 4.915702318, ]
15-16	7	[8.243695835999999, 8.225334178999999, 8.220133485, 8.152279558, 8.24614994, 8.068631999, 8.629004871, 8.185015045, 8.131047568, 8.207151313, 8.018672724, 8.280068886999999, 8.234628937, 8.211020815000001, 8.30009862, 8.530550591999999, 8.106849577, 8.294459272000001, 8.094385949, 8.160123048, 8.061546518999998, 8.113168039, 8.127725464000001, 8.352588839000001, 8.30252863, 8.251445852, 8.229761190000001, 8.151508901, 8.524668879, 8.285621801, 8.187408317000001, 8.229386729, 8.166443311, 8.130870160999999, 8.221919249, 8.422089681000001, 8.179808874, 8.064846549, 8.245718665, 8.600971908, ]
15-12	6	[4.963943542, 5.2547976180000004, 5.044453023, 5.0657286710000005, 5.029419139, 5.0759724209999995, 5.188384682000001, 5.212633906, 5.208971410999999, 5.135532521, 5.041671768, 4.962852942, 5.0022481789999995, 5.194780983, 5.044187946, 5.064286658, 4.988875381000001, 5.16315662, 5.06615525, 5.155178535, 5.033020652, 5.0212238849999995, 4.949510672000001, 5.126425777000001, 5.002855441, 5.009391491, 5.075647964, 5.0469946199999995, 5.035592063, 5.035169091, 5.008435277, 5.105961918, 4.912631494999999, 4.981709909, 5.124304392, 5.080603129, 5.035912909, 5.178124647, 5.040581148999999, 5.036184519, ]
3-17	8	[8.811276455, 8.426836047, 8.356328265, 8.392530916, 8.550127121, 8.280035737, 8.567419077, 8.408081952, 8.474584471, 8.646795239, 8.416228063999998, 8.313782213000001, 8.381971461000001, 8.404262688, 8.632439251000001, 8.253487221999999, 8.434420896, 8.334930507, 8.399500383, 8.703685261, 8.264790457, 8.310561482999999, 8.453271319, 8.199898158, 8.482094471, 8.349088934, 8.25731152, 8.348542279, 8.396374615, 8.280874029000001, 8.597552771, 8.208318831, 8.536488348999999, 8.266436703, 8.427951653000001, 8.426277933, 8.285342514000002, 8.276924416, 8.222196189, 8.252044332, ]
1-24	9	[8.343372924999999, 8.193463149, 8.313119760000001, 8.367877477, 8.195283761, 8.285783669, 8.281435174, 8.239559025, 8.343334651, 8.214526894999999, 8.406453023000001, 8.205633407, 8.697457698, 8.590928127, 8.531179534000001, 8.062451358, 8.323001717, 8.346592456, 8.298151148, 8.330793006, 8.331016759, 8.262503558999999, 8.208648677, 8.308953142, 8.175169812, 8.481633256, 8.43747602, 8.242899087, 8.308027542000001, 8.229969118, 8.348203796, 8.27845283, 8.281603383999999, 8.276854496, 8.600825508, 8.460068133, 8.33230322, 8.281486375, 8.367036881999999, 8.581830961000001, ]
30-22	5	[4.567646292999999, 4.594717695, 4.5641292049999995, 4.645872887, 4.678374690999999, 4.775405212000001, 4.6029746000000005, 4.549590717, 4.6918481850000004, 4.594886825, 4.568242562, 4.689188572, 4.521614821, 4.598943785, 4.7024597759999995, 4.527122435, 4.614195069999999, 4.562452196, 4.603036632, 4.719912723999999, 4.563813915, 4.630747987, 4.5299091460000005, 4.72757905, 4.6750349369999995, 4.592167968, 4.591419344, 4.53753971, 4.6390793949999996, 4.720208611, 4.571755017, 4.597130362, 4.669889776, 4.564163849, 4.536824129, 4.543259216000001, 4.595871881, 4.549800255, 4.609909117, 4.535208202, ]
27-10	6	[7.422515862999999, 7.871403126999999, 7.730607543, 7.820139543, 7.766240391, 7.511309822, 7.853237562, 7.539663943, 7.640306701999999, 7.828691175, 7.852440737, 7.924162018, 7.667361335000001, 7.569794093, 7.510089001, 7.722256058, 7.813133057, 8.015542754, 7.702586609999999, 7.754773983000001, 7.812190643000001, 7.512279087, 7.558454921999999, 7.677967249999999, 7.641368103, 7.808369006, 7.754878530999999, 7.763933520999999, 7.783731603999999, 7.7333819660000005, 7.889629381000001, 7.5149623430000005, 7.546184484, 8.391643609, 7.779930487999999, 7.9709850929999995, 7.813723593999999, 7.635429936, 7.6351801219999995, 7.713924549, ]
26-8	8	[7.755402086999999, 7.947605288999999, 7.592827423, 7.762938349999999, 7.825186187999999, 7.554364501, 7.654847802, 7.582381207, 7.840680955, 7.492736497, 7.505173976, 7.885798893, 7.703623105999999, 7.500142136, 7.8207599860000006, 7.679238939999999, 7.57821017, 7.688311957000001, 7.784253737, 7.737248146000001, 7.651175031000001, 7.730829288000001, 7.710781417999999, 7.824591676999999, 7.593094646, 7.637240356, 7.7486858519999995, 7.659531285, 7.824915774000001, 7.891895614999999, 7.608695561, 7.673412167, 8.202240951, 7.787456487999999, 7.818238021999999, 7.918717055999999, 7.789823021999999, 7.734270474, 7.64304433, 7.673564152, ]
24-23	6	[4.671763296, 4.640022668, 4.611761065, 4.533387466000001, 4.606041942, 4.667841674, 4.5249633110000005, 4.582840332, 4.595043458, 4.608081028, 4.651896091, 4.568191377, 4.526568496, 4.580200845, 4.702845214, 4.633440541, 4.6690792519999995, 4.576796852, 4.59952495, 4.608576246, 4.511102080000001, 4.731172389, 4.659844881, 4.607450195, 4.554436722, 4.672335062, 4.523427588, 4.614725415, 4.742916342, 4.58381872, 4.768297562000001, 4.576258182, 4.54419872, 4.485693661000001, 4.615925126, 4.596527326, 4.744264056, 4.520976254000001, 4.5054997210000005, 4.707132743, ]
20-11	7	[7.945628503, 7.827060512, 7.837590997, 7.823282503, 7.980428949999999, 7.798119747, 7.898365944, 7.9006474099999995, 8.027672708, 7.915112893, 8.018706766000001, 7.853844602999999, 7.854929653999999, 7.680514857999999, 7.830110945, 7.982990429000001, 7.841686439, 7.977413480000001, 7.658783874999999, 7.906176579, 8.061622299, 7.7886141449999995, 7.940790937000001, 8.041383665, 7.774197391, 7.888198669, 7.777573888, 7.972723278999999, 7.873876073, 7.923354429, 7.925472716, 8.119834084, 7.760921195, 7.667474309999999, 7.808683385999999, 7.9848411100000005, 7.666727595, 7.964415948, 7.885382951999999, 7.727346302999999, ]
18-2	9	[7.960255717000001, 8.286043144999999, 7.728839658, 7.603233932, 7.894201063, 7.843085816, 7.897891289, 7.820355985000001, 8.066408522, 8.010747027999999, 8.002207712, 7.8281460869999995, 7.9267486300000005, 8.608161562000001, 7.772961592000001, 7.935493779000001, 7.844621168000001, 7.878854445, 8.010867361999999, 7.968059288000001, 7.694170729, 7.985632747, 7.990290229, 7.801369651000001, 7.821012058999999, 7.776004588999999, 7.959613505999999, 7.710747177, 7.774512327999999, 7.858381259, 7.98866683, 7.899864784, 7.777088459999999, 8.313074189, 8.050618633, 7.824941835999999, 8.168561136, 7.920825189, 7.913269372, 8.096779160999999, ]
17-15	6	[4.7626207879999995, 4.687993464000001, 4.7699252539999994, 4.672957787, 4.720666111, 4.8788776160000005, 4.838719198000001, 4.716459326, 4.735878914, 4.703831471, 4.767957314, 4.914421381, 4.762423352, 4.673230277, 4.693421356, 4.602957391, 4.914348115, 4.876779464999999, 4.747244782, 4.684108445, 4.782772521, 4.906260785, 4.713100213, 4.5972065220000005, 4.6977961740000005, 4.651724098, 4.761212477, 4.621177426, 4.649512903, 4.676748777999999, 4.6383981389999995, 4.750889954, 4.886465811, 4.684990848999999, 4.64506706, 4.696144095, 4.990051028, 4.68146163, 4.606865193000001, 4.666878869, ]
17-12	8	[4.658055349, 4.786789720000001, 4.732408775, 4.668613220999999, 4.6968964269999995, 4.751716225, 4.808656205, 4.740015211999999, 4.75922141, 4.663180185, 4.63716272, 4.827963281, 4.749670972, 4.728191362, 4.67783284, 4.654953815, 4.671414345, 4.7278837970000005, 4.649248754, 4.687304208, 4.615255393, 4.720377516999999, 4.663288113, 4.613260552000001, 4.712753278999999, 4.6921505, 4.909432251, 4.68568194, 4.7737449320000005, 4.675674235000001, 4.889391794, 4.686243660000001, 4.6457556, 4.597366633, 4.740615452, 4.621119598, 4.839999111, 4.636568217000001, 4.733043146, 4.825448901, ]
11-30	5	[5.085706182, 4.999357547000001, 5.120197523000001, 5.045594197, 5.049693695, 4.982929664, 5.028247242, 5.011368984, 5.00390115, 5.208557452, 5.029711966, 5.0722369700000005, 5.030894115000001, 5.096720374999999, 5.0092331979999996, 4.9842380529999994, 5.0339836810000005, 5.032463133, 5.026280233, 5.203592066000001, 5.024986876, 5.001463902, 4.961763732, 5.008885734, 4.994163475, 4.99225372, 5.1752978160000005, 5.101833846, 5.129858345, 4.994092017, 4.984643108, 5.0306940010000005, 5.10307286, 5.014403177, 5.00073839, 5.132999302, 5.052504781, 5.089025459, 4.983279595, 5.075186701, ]
9-9	8	[8.296703196000001, 8.280531383, 8.006557406, 7.943807412000001, 8.222377868, 8.176927172000001, 8.070239582000001, 8.117067207, 8.343805121, 8.102042747, 8.263259766000001, 8.25830996, 8.14557381, 8.239065389, 8.332087411, 8.209805272, 8.11869811, 7.963903179000001, 8.066089859, 8.253595241, 8.185068944, 8.217965718, 8.517761016000001, 8.244219110000001, 8.2519202, 8.326956116, 8.092827682000001, 8.245611172, 8.414594075, 8.124793578, 8.49811936, 8.067277942999999, 8.1000835, 8.04252281, 8.175649283999999, 8.028292296, 8.223216028, 8.117254114000001, 7.909271223, 8.126421179, ]
9-4	9	[4.993195444, 5.249863636, 4.955516878, 5.0081442030000005, 5.035106627999999, 5.130904274000001, 5.048805517, 5.065608707, 5.050940777, 5.049482799000001, 5.13148587, 5.1174548259999995, 5.076301438, 5.04537486, 4.9890233429999995, 5.169367891, 5.007418661, 5.208601658, 5.020755450999999, 5.35827407, 5.123584605, 5.052198153, 5.235385467, 5.346117746999999, 5.037715214, 4.996362851, 5.000092026, 5.014564003, 5.15224098, 5.313384097, 5.0271075210000005, 4.933517985, 5.18882945, 4.959653932999999, 5.012005841, 5.14199126, 5.093548792, 4.98842745, 5.040196226, 5.035612584, ]
9-3	8	[8.3290229, 8.533604151999999, 8.760653188000001, 8.77527771, 8.253909185000001, 8.180155472000001, 8.432113795, 8.280206544, 8.234335385, 8.200097851999999, 8.033487293, 8.355120518, 8.147698259, 8.142255664, 8.173854446, 8.410109787, 8.157060174000001, 8.186576377, 8.187000981999999, 8.059456166, 8.121757299, 7.936869618, 8.24448226, 8.238525021000001, 8.062779356, 8.247678111, 8.058318332999999, 8.069825918000001, 8.223723856, 8.343556678, 8.1765387, 8.119440736, 8.335782741000001, 8.288294764, 8.536350156, 8.288974431, 8.198804301, 7.984558209999999, 7.907877271, 8.0566637, ]
5-17	8	[8.266940819999999, 8.458613241999998, 8.381184572, 8.588015352, 8.335021459999998, 8.336341243000001, 8.511392474, 8.365435529, 8.189509895, 8.290755404, 8.476229788, 8.472439607, 8.426814939, 8.483472843000001, 8.138875706, 8.316672065, 8.354131039, 8.334598154, 8.305025526, 8.350139833, 8.258125049, 8.525453975000001, 8.192023563000001, 8.415241403000001, 8.217439756000001, 8.791561523999999, 8.280787975, 8.293018194, 8.364652458, 8.587142013000001, 8.35933172, 8.261153559, 8.309633016000001, 8.3209053, 8.262657434000001, 8.352339585, 8.308381235, 8.372863641, 8.210064191, 8.422798795, ]
4-13	8	[5.098690175000001, 5.063708258, 5.103622031, 5.192828946, 5.227321878, 5.017432659, 5.056597167, 5.061940411, 5.12188593, 5.072025871, 5.070702623, 5.08382716, 5.181515891, 5.071121479, 5.276149941, 5.0158140520000005, 5.043421287999999, 5.08238144, 5.022688863, 5.021134935, 5.081276971, 5.091519766999999, 5.190557851, 5.043768787, 5.1211621, 5.0788222, 5.072697284, 5.070693037, 5.063027357, 5.142146716, 4.998029816, 5.179502704, 5.183703874, 5.072090871, 4.993753357, 5.103405589, 5.099843256, 5.215383992, 5.061498448, 5.083223263, ]
8-12	9	[5.001358261, 4.943906235999999, 5.050087223, 5.045567898, 4.9815623339999995, 4.875449881, 4.897332294, 4.902334794, 4.859399836, 4.912292696, 4.968941868, 4.861647226, 4.94338869, 5.013024559, 5.10067432, 5.02193771, 4.89462471, 4.9412136769999995, 4.913762087, 4.999456025, 4.980705198, 4.931178192, 4.9909200359999994, 4.923468223, 4.9611495880000005, 5.021563593, 5.0248486109999995, 4.995653417, 4.944746211, 4.935571948000001, 5.04898205, 4.845896968, 4.947556353, 4.948232866000001, 4.831820497, 5.0033984590000005, 4.942595346, 5.013332478000001, 5.038247057, 5.042817327, ]
6-15	6	[5.07003519, 5.133152274, 5.135821337, 5.179173513, 5.042682865, 5.0460602219999995, 5.070613733, 5.131919916, 5.257489876, 5.045768859, 5.070402058, 5.066558765, 5.1214907290000005, 5.265640985, 5.146678560000001, 5.130043988, 5.1748210850000005, 5.1154085039999995, 5.174944013999999, 5.104154798000001, 5.033424137, 5.139895125000001, 5.0603409589999995, 5.046882326, 5.22516288, 5.2027170940000005, 5.012346115, 5.009944473, 5.079610233, 5.064595564, 4.991971299, 5.01142572, 5.051323598, 5.183271295999999, 5.100516272, 5.2281287149999995, 5.190258808, 5.194217, 5.12827835, 5.05894055, ]
4-10	9	[8.262673987, 8.213701065, 8.150747627, 9.132573051, 8.297013777, 8.210475511999999, 8.304609092, 8.301973753999999, 8.210325589, 8.228637828, 8.232678055, 8.367736428, 8.351887771, 8.873608556, 8.22219066, 8.260704318, 8.032626198, 8.401412897, 8.870990203, 8.489383800999999, 8.324314473, 8.288676555, 8.173823185, 8.228718771, 8.252455862000001, 8.088637538999999, 8.183869377999999, 8.057967746000001, 8.541492670999999, 8.296384896, 8.26828383, 8.156458774, 8.266577626, 8.492649047, 8.454438023, 8.537287239, 8.282509275, 8.216482305, 8.312736376, 8.168741962999999, ]
31-20	5	[4.6442109789999995, 4.713415167999999, 4.5781796969999995, 4.744785009999999, 4.591365845, 4.722870208, 4.53794069, 4.515400315, 4.549011844000001, 4.557108092, 4.545025419, 4.687533615, 4.607927158, 4.912237904, 4.807360935, 4.531242016, 4.724984877, 4.5608833870000005, 4.709495434, 4.556242933, 4.575851405, 4.708157207, 4.819601395, 4.571447697, 4.678501730000001, 4.7339073780000005, 4.6145692799999996, 4.7374285380000005, 4.743205376, 4.551560608, 4.507974557, 4.647289743, 4.593139925, 4.734612868, 4.6884807760000005, 4.579970158, 4.513734543, 4.546722304, 4.5694599579999995, 4.557934007, ]
14-21	6	[4.913970935999999, 4.962445656, 4.950561149, 4.965846483, 4.90806052, 5.007063537, 4.916587256, 4.871958178000001, 5.043987336000001, 5.058897822, 4.987906793, 4.958421127, 4.960858473, 4.935000514, 4.9901376200000005, 4.964745398, 4.9865093510000005, 4.96805151, 5.134323278, 5.06967867, 5.232380476, 4.940712163, 4.9332427249999995, 4.955522974, 5.107455888, 4.997518362, 4.988315049, 4.959382423999999, 4.937237486, 4.939976156, 4.9535403979999995, 4.980924319, 5.049567324, 4.844007816, 4.974636359, 4.931810563000001, 4.939953212, 4.976615541, 4.868266834, 4.918841812, ]
14-17	7	[8.123059347, 8.377865877, 8.320533149000001, 8.014620654, 8.167208517, 8.062393811, 7.962954224999999, 8.448327132, 8.390632371, 8.183163022999999, 8.235757696, 8.113939097, 8.137017909, 8.214639454, 8.379750282, 8.184323014, 8.036143178, 8.107950947, 8.006669472, 8.164656619, 8.044874084, 8.073438633, 8.188104059, 8.206691308, 7.873808281999999, 8.197040442, 8.013621392, 8.471107054, 8.119792699, 8.133579457, 8.102846590999999, 8.050155961, 8.231873015, 8.013421544, 8.143656259, 8.360597233, 8.371641260999999, 8.296071008, 8.034607056, 8.118071428, ]
9-21	7	[5.113845829, 5.179538076999999, 5.03328961, 5.003671312, 5.097545883, 5.105605389, 5.097537256000001, 4.994632558, 5.0997646240000005, 5.235668206000001, 5.096495967, 5.063775619, 5.0198546120000005, 5.079196637000001, 5.047635554, 5.16346651, 5.030193698, 5.073491828, 5.078483209, 5.192316678, 5.213561514999999, 5.150865896, 5.0018865120000005, 5.057687701, 5.1938903629999995, 5.211953238, 5.071547665, 5.175323661, 5.007308994, 4.985077183, 5.0216811980000005, 5.099727752000001, 5.076114906000001, 5.167427952, 5.002016503999999, 5.014060013, 5.142249253, 5.089247882, 5.060102982, 5.084317554, ]
5-26	7	[8.259544255000002, 8.291986449, 8.450716733, 8.407283211, 8.179258472, 8.697833315, 8.190966715, 8.81664468, 8.426056989000001, 8.601698246, 8.232186723, 8.219774448999999, 8.152433153999999, 8.385631915, 8.294119230000002, 8.315480848, 8.341728941, 8.258978098, 8.258777938, 8.258183313, 8.330548491, 8.340860788, 8.435019031, 8.453006213, 8.234807575, 8.254248861, 8.324468978, 8.357414284, 8.422266347999999, 8.221979918999999, 8.561703171000001, 8.35688086, 8.224908071, 8.38597427, 8.262371784, 8.400859259999999, 8.261060162000001, 8.13458641, 8.276780111, 8.206199689, ]
2-1	10	[8.481307518, 8.077691392, 8.407870982, 8.266705998, 8.477502555000001, 8.311564764, 8.358826386, 8.480453686, 8.153619704, 8.241772187, 8.186389792, 8.2068826, 8.179143592, 8.333558389, 8.229055996, 8.255288921, 8.293346052999999, 8.406595275, 8.13140457, 8.16000051, 8.410913811999999, 8.319579736, 8.177817007, 8.229523703, 8.179091591, 8.370785299000001, 8.474865865, 8.112339121, 8.337501373, 8.168718946, 8.263998255, 8.23531969, 8.341033212000001, 8.355802241, 8.413570985, 8.28415264, 8.336611076, 8.214277364, 8.339108307, 8.227428589, ]
34-13	7	[5.203052901, 5.0816217230000005, 5.147116515, 5.009326609, 5.059881939, 5.06138431, 5.055527436, 5.054724713, 5.137726252999999, 5.048261648, 5.075981266, 5.060950933, 5.06119436, 4.987326114, 5.1347378059999995, 5.083501552, 5.281345335999999, 5.026483798, 5.393834156, 4.979285878000001, 5.765472223, 5.03879345, 5.117231564000001, 5.083267859, 5.171277633, 5.093163860000001, 5.022142701, 5.174242624000001, 5.252835714000001, 5.160253162, 5.229844036, 5.190451107, 5.037056874, 5.144178587000001, 5.023588481, 5.115884016000001, 5.068766645, 5.080757092000001, 5.105301280999999, 5.153560687, ]
15-1	7	[8.306790920000001, 8.426842671, 8.201151164, 8.029858283000001, 8.349969434, 8.137209066, 8.029950095, 8.427632601000001, 8.096521681, 8.234953680999999, 8.22809874, 8.145942931, 8.378686722, 8.287719516, 8.298265578999999, 8.267472421999999, 8.019868909, 8.140052648000001, 8.179666218, 7.9700149069999995, 8.17120046, 8.129751937, 8.58817474, 8.351970284, 7.9224436560000004, 8.231361249, 8.373312218999999, 8.302589871, 8.173275848, 8.026582881, 8.271503507, 8.222654791, 8.11975036, 8.111167246, 8.131539317, 8.380221653, 8.206960751, 8.362478896999999, 8.353109276, 8.251227125, ]
7-27	5	[8.155366424, 8.192921524, 8.775401943, 8.322656738000001, 8.524317456, 8.449190388, 8.28080452, 8.400480577, 8.574780652, 8.317142289000001, 8.285740404, 8.183438328000001, 8.39002787, 8.700720061, 8.310628551999999, 8.364566672, 8.342747578, 8.376663066999999, 8.241687199, 8.366488884999999, 8.236097739, 8.628133241, 8.418035843, 8.237494985, 8.316940995, 8.342035199000001, 8.660544185000001, 8.55573046, 8.292523406, 8.702825848, 8.407872508, 8.217269971, 8.096125939, 8.290442162, 8.223853127, 8.260514763, 8.530872973000001, 8.593885946999999, 8.265019533, 8.317071455, ]
2-15	7	[5.232856444, 5.142576988, 5.082263186, 5.29174579, 5.019251737, 4.995217047, 5.056813494, 5.055419981, 5.085531718, 5.103996297, 5.070133964, 5.382385447000001, 5.046240952, 5.0936416190000005, 5.080155985, 5.121002538, 5.085957119000001, 5.2395913510000005, 5.0007767130000005, 5.26476598, 5.275379938, 5.175763173, 5.165412615, 5.040119773, 5.235621794, 5.114285079, 5.054509533, 5.057845769, 5.152871717, 5.087137654, 5.225957001, 5.0458616020000004, 5.122707656, 5.04021757, 5.057837074, 5.077081266, 5.234336773, 5.160895368, 5.0272994959999995, 5.229392081, ]
22-24	7	[7.845962405999999, 7.946881922, 7.888887752, 8.280401763, 7.812387256000001, 7.928698869, 7.976841042, 7.755432812, 7.9201885700000005, 7.847044689, 7.990645127, 8.224681758000001, 8.053485414, 7.922907403, 7.979362313, 7.923828116, 8.091238551, 7.946808034, 7.890102806, 8.234884709, 7.865764455, 8.101565689, 8.152602925, 8.190336503, 7.951254163, 7.937249100000001, 7.9562621600000005, 7.8766021859999995, 8.074219105, 7.780782826, 7.936857785000001, 8.708716815999999, 7.811784054, 7.624317735000001, 8.183945913, 7.927981597, 7.993400940999999, 7.9032204539999995, 7.784504445, 8.097980711, ]
10-7	7	[4.979330277000001, 5.076629576999999, 4.941439499, 4.868369308, 4.941953531999999, 5.064085004, 4.916425181, 5.042725462, 4.911539825, 4.932482929, 5.035103262000001, 4.888955964, 4.932556141, 4.989629276, 4.957590843, 4.897137708, 5.183392186000001, 5.024488212, 4.903450627, 4.891524512, 4.907105045, 5.021022499, 4.93990389, 5.059220344, 5.4118746049999995, 4.965345073, 5.036868726000001, 4.945284804, 4.871000172, 4.911988912, 4.9813874579999995, 4.955817086, 5.085051033999999, 5.061101416, 4.917671032, 4.900689241, 5.059832444, 5.680353262, 5.16181058, 4.97836272, ]
6-20	8	[5.125324737, 5.112388992, 5.162266385000001, 5.107988712, 5.00119741, 5.1244165950000005, 5.066850662999999, 5.074447526, 5.110858318, 5.081963131999999, 5.067727522999999, 5.156699382999999, 5.036130827, 5.013605502, 5.053259698, 5.02772255, 5.069816188000001, 5.160042045999999, 5.02069473, 5.235905986, 5.25123193, 5.0858326389999995, 5.129026429, 5.048415276, 5.069819143, 5.173330668, 4.962971448999999, 5.179634477, 5.031288116, 5.193888592, 5.206068897000001, 5.071285946, 4.9813743619999995, 5.095695095, 5.208121828, 5.163378723, 5.023263291, 5.230080548, 5.14190216, 5.014767032, ]
0-8	11	[8.217774484, 8.05337484, 8.069498915999999, 8.199479713999999, 8.195509179999998, 8.413946741, 8.280798825000002, 8.113399255000001, 8.092892672, 8.352861651000001, 8.323277373, 8.465775347, 8.364208314999999, 8.314736957, 8.327137950000001, 8.211966792, 8.348144415, 8.128842365, 8.339753824999999, 8.102068565, 8.176638795, 8.180029063, 8.401290664000001, 8.07633245, 8.294466777999999, 8.001909053, 8.1303128, 8.073788148, 8.625424671, 8.420887049, 8.369041688, 8.251032115, 8.442609399, 8.074634341000001, 8.610725669, 8.285417598, 8.312401915999999, 8.166612588000001, 8.346881989, 8.462917638, ]
