38-23	5	[5.050658164, 5.012024894, 5.035836070999999, 5.178640366, 5.07643427, 5.05659606, 5.074313845, 5.180537992, 5.095108638, 5.277715809, 5.188050329, 5.159224511, 5.142256475, 5.098006962, 5.173763051000001, 5.1231854530000005, 5.1066332889999995, 5.093283212, 5.046960615, 5.184940704000001, 5.104260096, 5.103054510000001, 5.230091186, 5.09260596, 5.242366766, 5.22291932, 5.199604586, 5.186277921, 5.527391987000001, 5.047528097, 5.381225684, 5.0800680090000006, 5.130585683, 5.138470241, 5.06043727, 5.219301939, 5.2177758, 5.046647399, 5.122701372, 5.357731869, ]
35-3	7	[8.345396887000001, 8.214984237, 8.324747656000001, 8.386732829, 8.323716266, 8.295322274, 8.495549239, 8.322440943, 8.318724801, 8.213978079, 8.469916253, 8.157136786, 8.229866559, 8.254469694, 8.486337686999999, 8.376058189, 8.401113435, 8.457400424, 8.267380346, 8.227582466, 8.266966694, 8.298289087999999, 8.102065734, 8.371375113, 8.544364962, 8.082808549, 8.271273669, 8.336762621, 8.235020545, 8.373632787, 8.345142724999999, 8.139074949, 8.22727635, 8.354414621, 8.270117928, 8.539085554, 8.785704024000001, 8.311071375000001, 8.188630373, 8.554337632, ]
42-18	7	[8.357484476000002, 8.297000962, 8.216627456, 8.079022685, 7.921404051, 7.931383392999999, 8.114438342, 8.873036671000001, 8.474050025, 8.197050231, 8.240836647, 8.143686379, 8.258750559, 8.176573444999999, 8.193243244000001, 8.119695516, 8.088959149, 8.346878763, 8.121440181, 8.061656911, 8.011804611, 8.096771378, 8.356210028, 8.088029824, 8.248049778, 8.469139022, 7.992742464999999, 8.126923971, 8.47457659, 8.318525803, 8.115359859, 8.185258966, 8.216819695, 8.089314783999999, 8.094804370999999, 8.073888208, 7.9986428830000005, 8.712084772, 8.288268355, 8.135539354, ]
36-15	6	[5.053986502, 5.2373890560000005, 5.242274924, 4.978295001, 5.121080593, 5.289828302, 5.243134893000001, 5.071592973, 5.063637892, 5.158044119, 5.115484963, 5.125375397, 5.1110357429999995, 5.055835963, 5.247978444, 5.155773875, 5.08345085, 5.047729363999999, 5.119398849, 5.208003714, 5.0197230059999995, 5.065118781, 5.112824828, 5.120789295, 5.042384297, 5.108519477, 5.181288078, 5.0336954359999995, 5.021515319, 5.226528123, 5.292144614000001, 5.036462995, 5.175974933, 5.03480338, 5.528797463, 5.082017217, 5.1163802160000005, 5.035809644, 5.013910778, 5.058217415, ]
42-25	6	[7.981294848999999, 8.002881114000001, 7.997210602000001, 8.130595195, 8.147205254, 8.219441993, 8.104996317, 7.967094116999999, 8.025930924999999, 8.261006831, 8.013022467999999, 7.964360229, 8.072125578, 8.109769849, 8.113579203, 7.997932935000001, 8.081734358, 8.635609243000001, 8.034241141, 8.008416379, 8.1238312, 8.364250283, 7.980856852, 8.137086655, 8.264176883000001, 7.991631167, 8.093790067, 8.039750121, 8.026445305, 8.074046636999999, 8.016499368, 8.183321867, 8.126084957000002, 8.247104839, 7.857598623, 8.271255911999999, 8.318948591, 8.074817757000002, 8.1649836, 8.032398499000001, ]
55-25	4	[7.775214389, 7.740041959, 7.924414810999999, 7.737990196999999, 7.890518759000001, 7.704683464, 7.957432989, 8.364523639, 7.972565372, 7.837642091, 7.934018568, 7.969375241999999, 7.858687462000001, 7.925677478000001, 7.818337982, 7.856381228, 7.852049043999999, 7.9574740440000005, 8.14950245, 8.126887140000001, 8.175116205, 8.259459205999999, 7.856558816999999, 7.732461773000001, 8.070597367, 7.859575203, 7.742612295000001, 7.803722458999999, 7.877586083, 7.980107146, 7.822732610000001, 7.887345900000001, 7.834748512, 7.928619627999999, 7.942255568, 7.960765954000001, 7.776698842999999, 8.113528891, 8.175151062, 7.859524601, ]
34-7	7	[5.099791227, 5.067911718, 5.096270436, 5.088219527000001, 5.059898168, 5.110044487, 5.105388529, 5.128208897, 5.440829569, 5.109258049, 5.1104281049999996, 5.188127489, 5.176218653, 5.0751502529999994, 5.304203092000001, 5.076697918000001, 5.140041389, 5.074765456, 5.099593465, 5.211297822, 5.113177781999999, 5.18320148, 5.106214394, 5.820177475, 5.071358993, 5.140013315, 5.202017841, 5.061514342, 5.083433259, 5.150752089, 5.116114917, 5.058957557, 5.07941039, 5.060813016, 5.144505609, 5.0738976529999995, 5.119220512, 5.135744753, 5.207954531, 5.072028893, ]
38-13	6	[5.044250614, 5.170928482, 5.05968753, 5.037610936, 5.264528572, 5.034078927, 5.109655568, 5.133694236999999, 5.035295371, 5.0780865340000005, 5.190134191, 5.079230034, 5.000117816, 5.2848863779999995, 5.127711967000001, 5.150205774, 5.086372762000001, 5.058800862, 5.107806431999999, 5.118663872, 5.095815106000001, 5.079443841, 5.201223029, 5.264423343, 5.029816794, 5.142650006, 5.055373058000001, 5.204600633, 5.019165881, 5.104242846, 5.211839873, 5.097851401, 5.085155736, 5.1315741500000005, 5.0805679459999995, 5.177836703, 5.243102435, 5.204725606999999, 5.051530175, 5.212411508000001, ]
35-26	6	[8.351435872000001, 8.141671505, 8.32284022, 8.270187316, 8.36085548, 8.565041585, 8.621284561, 8.430837129, 8.289582247999999, 8.14827685, 8.481762397999999, 8.388911284, 8.554429274, 8.280058428, 8.535797779000001, 8.335234523, 8.245868791000001, 8.497533985, 8.241010498, 8.246044386, 8.665792171, 8.468966744, 8.304586898, 8.476114483, 8.312030347999999, 8.346163607, 8.264666610999999, 8.159131423, 8.618750657, 8.399148220999999, 8.63567625, 8.354660258000001, 8.362407311, 8.253671154, 8.25273575, 8.176564183, 8.121300239, 8.184752997, 8.388531563999999, 8.2345854, ]
55-30	3	[4.748800617, 4.591433504, 4.6462110160000005, 4.785862487999999, 4.8133657549999995, 4.756869548, 4.722390684, 4.815448832, 4.773811079, 4.691298482, 4.593997204, 4.849217072999999, 4.593142147, 4.689416004, 4.81856071, 4.852878996, 4.772269866, 4.901625329, 4.654612751, 4.649839614999999, 4.723266184, 4.678196821999999, 4.6947519, 4.713236117, 4.662262297, 4.687106883, 4.702198856, 4.749795466, 4.692573546999999, 4.686269193, 4.8080321790000005, 4.600211869000001, 4.672440406, 4.7167595769999995, 4.792846677, 4.715614831, 4.687546922, 4.679735507, 4.639372955, 4.711384172, ]
56-16	8	[7.842491557000001, 7.76825966, 7.863078367, 7.629410389999999, 7.663636596999999, 7.691822124, 8.057464015, 7.655927667, 7.693001551999999, 7.843225519, 7.689449589, 8.038987908, 7.665519508000001, 7.826625449, 8.063585511, 7.557267333, 7.777444091, 7.711366249999999, 7.7748170089999995, 7.673915836, 7.992205802, 7.954140776999999, 7.631498256, 7.705402466, 8.123284701, 7.962896371, 7.675436145, 7.7929417160000005, 7.738461689999999, 7.731527385, 7.606980920000001, 8.103587641999999, 8.03325597, 7.566795905, 7.9911161260000005, 7.790843843, 7.715531668, 7.783548335, 7.744291785, 8.822807824, ]
126-0	6	[7.711651392, 7.694358984000001, 7.626950408000001, 7.735466148, 7.886394746000001, 7.728854298, 7.681599631000001, 7.689578113, 7.809744349, 7.971385870000001, 7.7640726209999995, 7.85855089, 7.688674206, 7.892820159, 7.7786859360000005, 7.812647278000001, 7.751402654999999, 7.722129269000001, 7.863043781, 7.696379716, 7.659242039, 7.715724725, 7.779280077999999, 7.515376074000001, 7.999709685000001, 7.795683149000001, 7.781566144000001, 7.665604692, 8.123657942, 7.6777117850000005, 7.72123413, 7.946721924, 7.660518068000001, 7.696722744999999, 7.678847603, 8.004979612, 7.608164684, 7.79562661, 7.891176485999999, 7.748432245999999, ]
114-23	4	[4.727610859, 4.708640001, 4.746493608000001, 4.7445655140000005, 4.774634792, 4.690643239, 4.721900542, 4.745253540999999, 4.686916984, 4.713236446000001, 4.875569131, 4.692892517000001, 4.713361374, 4.680079639000001, 4.796107287, 4.682674019, 4.701036397999999, 5.045685597, 4.631780051, 4.76917243, 4.982896698, 4.8319441670000005, 4.652627652, 4.839113854, 4.740558326, 4.711761046, 4.689909003, 4.67625932, 4.725739819, 4.80057584, 4.688526209, 4.698083866999999, 4.717973045, 4.768991839000001, 4.780716218, 4.93304771, 4.721267247, 4.672460399, 4.861063069, 4.70022271, ]
71-2	7	[8.380348231000001, 8.193817685, 8.347197537, 8.119023315, 8.371693971, 8.453398322, 8.29672529, 8.285238874000001, 8.281655610000001, 8.63091048, 8.347726877, 8.314793907, 8.379330031, 8.354726164, 8.514308671, 8.233329886, 8.364912139, 8.171161733, 8.144837170999999, 8.626498045, 8.315665340999999, 8.233639525000001, 8.618554519, 8.433085791, 8.422645102, 8.231818065, 8.361971978, 8.380456068, 8.343135349, 8.367459228, 8.428027134, 8.295490387000001, 8.426752273, 8.322674792, 8.333420796999999, 8.462874396, 8.331307769, 8.247854018, 8.29411167, 8.434672824, ]
120-7	5	[4.717965401, 4.887780986999999, 4.562989946, 4.555709319000001, 4.517499063, 4.643549057, 4.655996368, 4.611467137, 4.501745261, 4.635610067, 4.588111072, 4.5244041159999995, 4.593986349, 4.57461736, 4.607865342, 4.551571534, 4.584676267, 4.538676510999999, 4.569778165000001, 4.545571259, 4.667548964, 4.543755971, 4.519699634, 4.807009965000001, 4.650332506, 4.6854021, 4.666231997, 4.605650023000001, 4.624292658, 4.625558048, 4.63478213, 4.570473836000001, 4.521115998, 4.508472868, 4.579473425, 4.636744478000001, 4.561086443, 4.633824722, 4.588258121000001, 4.704355674, ]
104-14	6	[5.074034871, 5.040900088, 4.983965636, 4.893242599, 4.959877681, 4.9577550210000005, 4.956632718, 4.8901306589999995, 4.934049384000001, 5.02733205, 4.835553651000001, 4.929416869, 5.475413533, 5.008196289000001, 4.929636108, 4.896328186, 4.833595594999999, 4.846998179, 4.910540086, 4.969300582, 4.953361278, 4.874389741000001, 5.009963997000001, 4.938861845, 4.91510608, 4.990319051, 5.072311604, 4.838291073, 4.947071216, 5.061662341, 4.941160368, 4.955128778000001, 4.903385569, 4.903072268, 5.007177939, 4.989752211, 4.912945004, 4.892352077, 5.127648117000001, 4.9490567599999995, ]
100-10	7	[8.371167136, 8.024096658000001, 8.2165935, 8.230579515999999, 8.419838482, 8.372896536999999, 8.27135695, 8.315488311, 8.356918629, 8.086204608, 8.300742071, 8.252870973, 8.11064375, 8.221814198, 8.837453297, 8.133260132, 8.21656366, 8.724314824, 8.433127269, 8.100400452, 8.221062786000001, 8.49601784, 8.137694928, 8.563646647999999, 8.070637698999999, 8.090685944999999, 8.507876064, 8.071930926, 8.263659561, 8.321314347, 8.219377698, 8.101925067, 8.173921519, 8.028768781, 8.459042791, 8.354219822000001, 8.539176622, 8.300369903, 8.293214039, 8.385818336000002, ]
122-25	4	[8.297123005, 7.701359747, 7.813535171, 7.576416235, 7.833218631, 7.749037956, 7.690008959, 8.128829687, 7.723574790000001, 7.666632010000001, 7.793378462, 7.813015794000001, 7.8996389780000005, 7.624663093000001, 7.804750050000001, 7.644353989, 7.576092771, 7.9985429009999995, 7.712494257, 7.661355318999999, 7.69932719, 7.775869717, 7.70530322, 7.913622911, 7.769947609999999, 7.774915330000001, 7.618928186, 7.90790568, 7.699149791000001, 7.7361976640000005, 8.228056292, 7.742891878999999, 7.632249519, 7.613602289, 7.676983836, 8.003372158, 7.706854085000001, 7.8879974630000005, 7.667089219999999, 7.649718720000001, ]
122-21	4	[4.573672255, 4.596163149, 4.617692852, 4.594281858, 4.699103765, 4.69679867, 4.51847925, 4.586206010000001, 4.667607587, 4.6031343940000005, 4.78665547, 4.62466873, 4.6449724, 4.617800524, 4.598763272999999, 4.649187498, 4.800242328, 4.733302227, 4.524562706, 4.713464083, 4.551783246, 4.575597137000001, 4.59384968, 4.610135014, 4.575232813, 4.931206653, 4.680804027, 4.702689363, 4.598745295, 4.5565975320000005, 4.8938541120000005, 4.578825243, 4.568671896, 4.6892128490000005, 4.6201712740000005, 4.800006943, 4.92382847, 4.5511128670000005, 4.619425798, 4.645221676999999, ]
94-4	6	[4.57748914, 4.542725721, 4.670893625, 4.550065201, 4.6994633, 4.666774932, 4.62109224, 4.594419575000001, 4.567688038, 4.554204428, 4.554531412, 4.690585007, 4.706130709, 4.567673365, 4.756924148, 4.624217584, 4.535696929, 4.753780547, 4.578971523, 4.600489266, 4.670985431, 4.609094187999999, 4.6903882249999995, 4.757672239, 4.688045959999999, 4.641900535, 4.633610331, 4.614161301999999, 4.5446758140000005, 4.565206848, 4.647284278, 4.573875661, 4.606029041999999, 4.646535023999999, 4.580846117, 4.5507410230000005, 4.56567003, 4.765535928, 5.105283645, 4.58578351, ]
94-3	5	[7.816245932999999, 7.482560497, 7.858593110999999, 7.978170592, 7.733628195, 7.769697457, 8.327613312, 7.745919279000001, 7.652490204, 7.826639745, 7.978769604, 7.9287206669999994, 7.819474526, 7.945089456000001, 8.072061581, 7.73331106, 8.0625341, 8.078213996999999, 7.624538671, 7.847955358, 7.867173434000001, 8.499046239, 7.761383856, 7.6840709050000005, 7.694032453, 7.544466927, 7.974335793000001, 7.6706529649999995, 7.7092915259999995, 7.8766614200000005, 7.8175124799999995, 7.740240053000001, 7.955841546, 7.642433438, 7.767671861, 7.860089973, 7.828876729, 7.919635164000001, 7.693719915, 7.693223250000001, ]
119-28	3	[4.7051450159999995, 4.673858957999999, 4.727483105999999, 4.7510838, 4.800705788, 4.624025371999999, 4.744137864, 4.67587766, 4.785331998999999, 4.725114621, 4.742843832, 4.674712882000001, 4.674489007, 4.591976467, 4.741589679, 4.636506071, 4.761323154, 4.6119188620000005, 4.76881202, 4.696702500000001, 4.642678238, 4.673745431, 4.843558571, 4.685066035, 4.694227499999999, 4.700724106, 4.892424515999999, 4.71225008, 4.717716598, 4.727047112, 4.800696467, 4.751228236999999, 4.66407908, 4.676632781, 4.682386231000001, 4.688424134, 4.65521692, 4.870385571, 4.870213445, 4.8917454330000005, ]
100-23	5	[5.0981300570000005, 5.234135727, 5.035698043, 5.1584682189999995, 5.056381722, 5.050813869, 5.243064483, 5.339094151, 5.123739039, 5.132158593000001, 5.082516173, 5.152793024, 5.162841425, 5.083192618, 5.152307569, 5.091317966, 5.014039599, 5.035400418, 5.21345588, 5.2286952069999995, 5.0441433259999995, 5.0769652569999995, 5.084927529, 4.994483589, 5.067105444, 5.14637127, 5.0290602159999995, 5.105749458, 5.202148027000001, 5.058364351000001, 5.083143474, 5.099075388, 5.138332902, 5.104650169, 5.140674603000001, 5.115750978, 5.294590219, 5.155872369, 5.276248555, 5.154941455, ]
93-8	6	[7.72552456, 7.731413972, 7.7762106520000005, 7.625472722, 7.7133753160000005, 7.62463457, 7.7257118469999995, 7.550222797, 7.756982471000001, 7.86281987, 8.045163702, 7.949884413000001, 7.833930559, 7.5848644080000005, 7.643550284999999, 7.750185214000001, 7.5451350900000005, 8.592187187, 7.739124189, 7.723739713, 7.867532294999999, 7.887715254000001, 7.762534170000001, 7.712260636, 7.641087528999999, 7.892999475000001, 7.935508826, 7.815251646, 7.702058232000001, 7.523505877, 8.144062108, 7.760893751999999, 7.785204049, 7.996013618000001, 7.764074436, 8.028945038, 7.762192886, 7.772890441, 7.768538121000001, 7.759058311, ]
97-7	6	[5.216747709, 5.359276193, 5.077176271, 5.226694189, 5.209466075, 5.4901781949999995, 5.172824348, 5.123297925999999, 5.17603655, 5.195476892, 5.089035163, 5.2358184560000005, 5.208211574, 5.188502368, 5.026434487, 5.222263149, 5.107482774999999, 5.180849413, 5.132147171, 5.152962425, 5.184283579, 5.2706100860000005, 5.1634353729999996, 5.322800217, 5.258827296, 5.119660615, 5.188270604, 5.133888775, 5.1930757210000005, 5.116538022, 5.250729958999999, 5.348756117000001, 5.159963224999999, 5.160510477, 5.358587882, 5.1303301889999995, 5.232991165, 5.144710327, 5.159556105, 5.142902664, ]
84-5	7	[4.673671983, 4.699247429000001, 4.720005897, 4.7050187900000005, 4.6694985120000005, 4.7100333149999996, 4.684019744, 4.644363122, 4.753841882000001, 4.765736954, 4.742402494, 4.7962518, 4.770969364, 4.764963497, 4.717381689, 4.895724013, 4.66048867, 4.8993268400000005, 4.72635461, 4.717219814, 4.806069577, 4.725730735999999, 4.730491892, 4.830650962, 4.6400318810000005, 4.771462878, 4.861983692000001, 4.859681038000001, 4.7646065339999994, 4.907662314, 4.699846253, 4.705612993, 4.742264615, 4.700067561, 4.691639862, 4.751209444000001, 4.886443439000001, 4.7157946200000005, 4.8312781750000005, 4.753520712, ]
126-18	4	[8.106912914, 7.64955887, 7.720014957, 7.915047456000001, 7.613018605, 7.652261709999999, 7.7829573309999995, 7.801718532, 8.104851628, 7.948318188999999, 7.744084536999999, 7.841226176999999, 7.696912065, 7.679319259, 8.079866483, 7.723310859000001, 7.770664985000001, 7.690841358999999, 7.839363592, 8.069825228, 7.686882623000001, 8.829934003, 7.816840212999999, 7.846973484, 8.001920106, 8.067638864, 7.745519430999999, 7.739888255, 7.748509622, 8.019905385, 8.096271868, 7.832246222, 7.664192255, 7.712120238, 7.746405801, 7.834493053, 7.702193969, 7.781652993000001, 7.637350105, 7.808513359, ]
63-31	1	[4.7881129609999995, 4.515942999, 4.586275925, 4.666683768, 4.546617239000001, 4.592893353, 4.545767355, 4.545522697, 4.557824718000001, 4.654416796, 4.609962371, 4.597784596, 4.746527787, 4.5639097909999995, 4.641599935, 4.562310627, 4.552083956, 4.541040541999999, 4.644530292, 4.698022536, 4.672187858, 4.587790936, 4.70137684, 4.493179444, 4.654648525, 4.650137722, 4.59045549, 4.651087465, 4.601907153, 4.450236068000001, 4.616946215, 4.777572577000001, 4.5490630009999995, 4.4472262250000005, 4.55771719, 4.681480323000001, 4.5842152579999995, 4.617045817999999, 4.541730015000001, 4.69503836, ]
126-16	5	[7.814235145, 7.739849807000001, 7.690001851000001, 7.8521113929999995, 8.325301603, 7.742756175999999, 7.746508377999999, 7.740183127, 7.711835585999999, 7.799103674, 7.784645624, 7.678994177000001, 7.753372726, 7.688533879, 7.787217557999999, 7.680086128000001, 7.8109709810000005, 7.918254474, 7.9232484460000006, 7.845283251000001, 7.61949431, 7.701748012000001, 7.749072234000001, 7.807814551000001, 7.758700326, 7.670749748, 7.862786393, 7.634865456, 7.757052648, 7.583121148, 7.789909929, 7.768438145999999, 7.714849514, 7.808322944, 7.650634569999999, 7.809797441, 7.813967774, 7.742041189999999, 7.8118639850000005, 7.724341613, ]
122-10	5	[7.759410266, 7.856276482, 7.748326198000001, 7.924005644, 7.742829576999999, 8.118559152, 7.582844509999999, 7.690961377, 7.881166512, 7.740707036, 7.532995043000001, 7.565526555, 7.876157384000001, 7.620692805, 7.670188254, 8.343726542999999, 7.668573993999999, 7.853534953, 7.758972578, 7.937597163, 7.755324078, 7.964314246, 7.904355431000001, 7.5950808400000005, 7.776153763000001, 7.793089413, 7.766130373, 7.610239228999999, 7.688567139, 7.456368518, 7.847776177000001, 7.875548542, 7.730033216000001, 7.647645645000001, 7.5512713190000005, 7.927568238, 7.781662308999999, 7.904795635, 7.773000513, 7.649446817, ]
116-12	6	[4.706850856, 4.940865135, 4.747961529, 4.756084198, 4.694223668, 4.780186292, 4.777613087, 4.689213029, 4.670746176, 4.707164366000001, 4.834785299, 4.873322353000001, 4.790943099, 4.810354498, 4.807524303999999, 4.658950109, 4.592651333, 4.773070386, 4.7379500310000005, 4.740331485, 4.658301014, 4.713842693, 4.638235702999999, 4.716283593, 4.677501432, 4.6443004430000006, 4.735367838999999, 4.723535403, 4.820793566, 4.842279662, 4.701576153, 4.818677924, 4.67929523, 4.819033821, 4.603588179, 4.719660488000001, 4.719306539, 4.873388273, 4.767290747, 4.636007707, ]
88-14	6	[4.708493504, 4.596762645, 4.6327226050000005, 4.570144234000001, 4.766073315, 4.553735357, 4.786665386999999, 4.7346268270000005, 4.562693479, 4.59107481, 4.589592926, 4.575173212999999, 4.534109190000001, 4.629496489, 4.496255737, 4.798921695000001, 4.685914211999999, 4.514294065, 4.481847163, 4.572227872, 4.555714672000001, 4.59162213, 4.486741167, 4.567267856, 4.677712828, 4.50639359, 4.573217345, 4.634922692, 4.649226455, 4.6097831430000005, 4.564812910000001, 4.63439229, 4.668445893, 4.585735216, 4.656266014, 4.447732008, 4.648172643, 4.792271932999999, 4.496875806, 4.514609556, ]
78-8	7	[7.9405326370000004, 8.408589782, 8.130914486, 7.9523191849999995, 8.324210966999999, 8.150784173, 8.094391512, 8.089409884999998, 8.340709098000001, 8.122574512, 8.056175157, 7.958299019999999, 7.899982064, 8.044767825, 8.152020584999999, 8.115347817, 8.134177909, 8.811838510000001, 8.184674600000001, 7.847325058999999, 8.272260288, 7.959875364, 7.949415225, 8.14515703, 7.903738186, 8.188365697999998, 8.035429611, 8.244694543, 8.141531683, 7.621118792, 8.03130222, 8.127919859, 8.123905088, 7.931008910999999, 8.200328036, 8.283695839, 7.940428421999999, 8.151785679, 8.073843442, 7.958847701, ]
70-4	8	[5.086409709000001, 5.0749377120000005, 5.033747008, 5.087901837, 5.199563876, 5.144491642, 5.092367076, 5.110964544000001, 5.364661693, 5.211309657, 5.121611498999999, 5.118618543999999, 5.088379417, 5.165759004, 5.9094119019999996, 5.084823559, 5.060738632, 5.152620983, 5.1240421640000005, 5.264034295, 5.168780858, 5.04376348, 5.2425347769999995, 5.244383353, 5.186707847, 5.1066070649999995, 5.066708844, 5.134437133, 5.132537645999999, 5.174500757000001, 5.272784881000001, 5.077250514, 5.054204973, 5.1029938249999995, 5.142212162, 5.150063014, 5.208262806, 5.0827116420000005, 5.12989386, 5.174073463999999, ]
98-1	8	[8.211899030000001, 8.256869861, 8.219975935999999, 8.164201603999999, 8.370513167, 8.475261063, 8.243184689000001, 8.494906978, 8.389393452, 8.252718269, 9.161229372000001, 8.219893023, 8.338701310000001, 8.364305899000001, 8.245217124, 8.303360917000001, 8.183168323, 8.294156130000001, 8.238927066999999, 8.034901735, 8.453029108, 8.557822039, 8.683107985, 8.298765936, 8.178784820999999, 8.082799567, 8.429117457, 8.386145726999999, 8.294615528, 8.345245090999999, 8.155160251, 8.168943818999999, 8.830970896, 8.358399277, 8.311501531000001, 8.365508617, 8.037131385, 8.166840625, 8.390369308, 8.173020271, ]
97-27	5	[8.327223493, 8.428780324, 8.247930985, 8.474411095, 8.385023776999999, 8.434801699, 8.660259209, 8.33964239, 8.296834608, 8.483968574, 8.224751268, 8.226737996999999, 8.365164779999999, 8.279154388, 8.299700676, 8.431832581, 9.194473294, 8.45211156, 8.791017369, 8.428920175, 8.226429904, 8.408368929, 8.45520355, 8.345875839, 8.257263598, 8.292306608, 8.288002897, 8.500224493000001, 8.312063404, 8.229563575, 8.431293908, 8.193952945000001, 8.308735826, 8.322498638999999, 8.400319112, 8.186722984, 8.28600213, 8.361434182, 8.292179527, 8.420977844, ]
117-28	4	[4.727499218, 4.853583606, 4.780160831, 4.622603160000001, 4.660151735, 4.720253157, 4.753311847, 4.962781669, 5.132406209999999, 4.676857256, 4.713814065999999, 4.800850553, 4.791329833, 4.755977668, 4.819481537, 4.827197775, 4.6635770270000005, 4.726639582, 4.886189130999999, 4.786547408, 4.724447833, 4.715750407, 4.6960324700000005, 4.629512814, 4.833465599, 4.693572152000001, 4.698776313, 4.737916901, 4.633658958000001, 4.659264288, 4.658382282, 4.67175132, 4.778302053, 4.758596514, 4.606256785, 4.724111121, 4.66258983, 4.696023947, 4.895384265, 4.649943054, ]
111-17	4	[8.085429943, 8.300055715, 8.333099553, 8.208759453999999, 8.151139565000001, 8.200992985000001, 8.168346507, 8.557305971, 8.303540246999999, 8.370893650000001, 8.238489864, 8.198947873, 8.296719044, 8.30778979, 8.232821471, 8.31413766, 8.368139585000002, 8.224570018, 8.380576653999999, 8.200015185, 8.044656518, 8.16190068, 8.247512919, 8.211029847, 8.102232088000001, 8.29144533, 8.219550069999999, 8.306967793, 8.446699109, 8.173076091999999, 8.179734817, 8.188791480999999, 8.491562433, 8.220818033999999, 8.56769856, 8.448316859, 8.135109492, 8.176677468000001, 8.365520727, 8.537326643, ]
96-23	6	[5.156781963, 5.054797053, 5.059955843, 5.000875563999999, 5.023466483, 5.116250431, 5.15622845, 5.162398255, 5.03218296, 5.072034233, 5.056374797, 5.073924475, 5.069794182, 5.0933911709999995, 5.0647891540000005, 5.188990972, 5.147904252, 5.172180676, 5.161105135, 5.16767743, 5.074746289, 5.1098371160000005, 5.107216998999999, 5.060258068, 5.055133135, 5.110330723000001, 5.217156294, 5.0251615009999995, 5.077935835, 5.163605718, 5.173290735, 5.126666199000001, 5.257153257, 5.0814032440000005, 5.0417678, 5.072056868, 5.111398572000001, 5.17917932, 5.043863853, 5.045488328, ]
96-21	7	[5.222355932999999, 5.187707177, 5.456702174, 5.854535469, 5.058459829, 5.141973115, 5.1071177290000005, 5.094779685, 5.1934012, 5.0488502010000005, 5.1795356439999996, 5.119867299, 5.047863464000001, 5.2220308939999995, 5.165277647, 5.034462426, 5.040652002, 5.085894, 5.2095247250000005, 5.119480708, 5.0532971920000005, 5.2671978909999995, 5.052950697, 5.0892412170000005, 5.075601461000001, 5.126161577, 5.042493701000001, 5.028617169, 5.071617152, 5.099473329, 5.1687804889999995, 5.119230187, 5.003505627999999, 5.1738403459999995, 5.095024331, 5.498289461000001, 5.189903337, 4.995790816, 5.02957724, 5.1333005279999995, ]
89-13	5	[4.5798632040000005, 4.558358087, 4.6193877290000005, 4.65202022, 4.544442826000001, 4.587605916, 4.5255378539999995, 4.589539967, 4.5628674689999995, 4.533061754, 4.7160600399999995, 4.527030271, 4.739214616, 4.655434228, 4.6910115779999995, 4.6981005829999996, 4.651229151, 4.515537351, 4.672141721, 4.576122087, 4.5698753210000005, 4.5868032759999995, 4.544990869, 4.552714026, 4.661108501, 4.5636061130000005, 4.645208995, 4.668668879, 4.503759774, 4.569607906, 4.841468284, 4.5837070330000005, 4.564413289, 4.598497473999999, 4.5386021869999995, 4.627621029999999, 4.72888881, 4.574557674, 4.524005624, 4.588320769, ]
71-23	4	[5.362503874, 5.177548259, 5.113899033, 5.304568441000001, 5.13822156, 5.156810632, 5.340129507, 5.1517003720000005, 5.295758266, 5.15335005, 5.114123459, 5.241967418000001, 5.273088264, 5.467129907, 5.262665371, 5.284271489, 5.4611859439999995, 5.111530419, 5.0700798890000005, 5.325431237, 5.236022951, 5.1345242330000005, 5.271628196, 5.129911611, 5.157467388000001, 5.298607023, 5.222198399000001, 5.2127733990000005, 5.3191703210000005, 5.250845976, 5.197254289, 5.2356220559999995, 5.346289604000001, 5.137671768, 5.277734237, 5.101555678, 5.170345312, 5.190648714, 5.259889544, 5.149676963, ]
69-25	6	[8.520263301, 8.300016943000001, 8.350170048999999, 8.248015277, 8.456450564999999, 8.502434354999998, 8.306270281, 8.330164852, 8.459876554000001, 8.21251384, 8.462160012, 8.58270042, 8.37091707, 8.591665952, 8.282345591, 8.261022303999999, 8.183239469, 8.35581895, 8.207094572, 8.294981321, 8.318916421, 8.302784784, 8.696379832, 8.576759188, 8.386353548, 8.568151788, 8.456800519, 8.074339118, 8.376297110000001, 8.666769695, 8.270665746, 8.259851757, 8.176749564, 8.406286408, 8.250982327000001, 8.342431911, 8.304597903, 8.336833253999998, 8.55266703, 8.622677366, ]
127-14	2	[4.549181454, 4.547281581, 4.5741060760000005, 4.644944695, 4.647364272, 4.488984081, 4.547381716, 4.5331549959999995, 4.560192704, 4.673457622, 4.543349562, 4.545497226, 4.713429761, 4.568205344, 4.494641077, 4.6188634330000005, 4.641376316000001, 4.512870533, 4.527217899999999, 4.606089364, 4.531719458, 4.568729827, 4.470325095, 4.5192567100000005, 4.596611988, 4.529453125, 4.9594890750000005, 4.4824832279999995, 4.549284151, 4.545207459, 4.47148373, 4.491924775999999, 4.680168683, 4.6909873630000005, 4.594165285, 4.527045175, 4.5489250320000005, 4.564749143, 4.534614457, 4.619401756, ]
121-4	6	[4.5535093810000005, 4.614212685999999, 4.604018186, 4.558961253, 4.545953996, 4.590733288, 4.540822507000001, 4.607975462000001, 4.591731151, 4.777875107, 4.541815219, 4.719563039, 4.587316584, 4.541855812, 4.605595211, 4.604023473, 4.722377262, 4.598409115, 4.541550472, 4.633491693000001, 4.601248388, 4.615232487, 4.627475921, 4.613799613, 4.636441668, 4.602826232, 4.630207019, 4.607628425000001, 4.5769763359999995, 4.553544357, 4.730482874, 4.590265036, 4.582685163, 4.5019011970000005, 4.663514568999999, 4.717769544, 4.569142428, 4.560268047, 4.70602538, 4.6154990410000005, ]
112-14	6	[4.7482558610000005, 4.6433283329999995, 4.797891214000001, 4.694490392, 4.737446483, 4.810327903, 4.766707908, 4.857081518, 4.706901239, 4.616814982, 4.942282639, 4.702334512999999, 4.7330841679999995, 4.7446261309999995, 4.836660857, 4.791682116, 4.819730101, 4.604693597, 4.722377173, 4.756249436, 4.612390819, 4.652535974, 4.632619161, 4.67452835, 4.819368459, 4.646867224, 4.7577154120000005, 4.767946499, 4.680586097, 4.813705051, 4.651348951, 4.732149687000001, 4.775823389, 4.729125486, 4.7015935209999995, 4.654565655000001, 4.658170963, 4.635018768, 4.776710466, 4.744145989000001, ]
102-24	6	[8.105446659, 8.156222982, 8.420537839, 8.488799146, 8.263582871999999, 8.152219411, 8.59435498, 8.441077945, 8.025361504000001, 8.420779369, 8.314680329000002, 8.456295669000001, 8.056286167, 8.368962942000001, 8.218947172, 8.287897418, 8.716016623, 8.5739098, 8.44683194, 8.078656299, 8.108755551, 8.262189805, 8.088462372999999, 8.116036901, 8.655647503, 8.23976853, 8.217030442, 8.109244664, 8.328386235, 8.485924243, 8.223532994000001, 8.252865654, 8.174589297, 8.142333706999999, 8.11250334, 8.199563809999999, 8.182994395, 8.173156155000001, 8.233295146, 8.497822631000002, ]
92-20	6	[4.571488925, 4.598585754, 4.56602416, 4.6456320909999995, 4.605304581, 4.68786981, 4.576420266, 4.643438775, 4.512497454, 4.6255045, 4.487220159, 4.528367254, 4.737964405, 4.707425709, 4.647870065, 4.541128413, 4.730247939, 4.695146254, 4.635856088, 4.650596269, 4.5672008779999995, 4.486660509, 4.566003324, 4.670109811, 4.516821292, 4.62710914, 4.572397494, 4.501248737999999, 4.673347959, 4.638470109, 4.718598807, 4.518218939, 4.738230304, 4.600407803, 4.545341434999999, 4.616155679, 4.496107934, 4.709761218000001, 4.755226053, 4.576324934, ]
82-27	5	[7.689870764999999, 7.782083674999999, 8.22073616, 8.055640787, 7.889649995999999, 7.772189378999999, 7.876422884, 8.321915006, 7.777843926999999, 7.880942594, 7.685342257, 7.940033410999999, 8.162965593000001, 7.733414218999999, 7.945624866, 7.854982009999999, 8.141359649, 7.930153292, 7.788025504999999, 8.067923596, 7.8068495780000005, 8.115104859, 7.898443020999999, 8.038547862, 8.018375435000001, 7.73289841, 7.8955154279999995, 8.134628179, 7.768199123, 7.945350558, 7.823788292, 7.7153581749999995, 7.705583819000001, 7.858857357999999, 7.995392091000001, 8.309495012000001, 7.867573103000001, 7.764965199, 8.010467051000001, 7.831561872, ]
105-16	7	[8.499188805, 8.035818094, 8.362241403999999, 8.158531542999999, 8.162868832, 8.561673626000001, 8.215920005, 8.179447816, 8.220716648, 8.035250185, 8.123894894, 8.212727596999999, 8.118591823, 8.230231911, 8.224021671000001, 8.291194474000001, 8.530832683, 8.422448495, 8.393495784999999, 8.231386265, 8.622315836, 8.164352181999998, 8.268203649, 8.833493136, 8.196842683, 8.095355128, 8.380710284, 8.180189703, 8.164387601000001, 8.458104092000001, 8.236181441, 8.070074071, 8.500933364, 8.119595804, 8.012836326, 8.510121499, 8.289560350999999, 8.248337287999998, 8.487000888999999, 8.077506651, ]
72-26	7	[8.256178901, 8.001938782, 8.208196601, 8.122076103, 8.100972141, 8.291233785, 8.117033138999998, 7.900747867, 8.284358417, 8.225813028000001, 8.151719465000001, 7.995774889999999, 8.110968123, 8.119301958, 8.193911296, 8.028202445, 7.909896553, 7.905845821, 8.067951044, 8.0695158, 8.203002944, 8.441441315999999, 8.29934528, 7.922253296000001, 8.118131363, 8.255595967, 8.146067694, 8.205367859, 7.9646965100000005, 8.183197680000001, 8.063278911000001, 8.117280294, 7.893240806, 8.083263336, 8.054211843000001, 8.228563288, 7.979768155, 8.098050394000001, 8.087116811, 8.496947384999999, ]
67-15	5	[5.222422958, 5.100695409, 5.126458940999999, 5.120774211, 5.242097043999999, 5.296124486, 5.209493121, 5.112389153, 5.1330318749999995, 5.259836015, 5.198719347, 5.19240843, 5.2000883280000005, 5.137666897, 5.292134077, 5.31230609, 5.320370432, 5.155856384, 5.183911614, 5.200147676, 5.096921727000001, 5.238877512999999, 5.099050238999999, 5.281455015000001, 5.385523418, 5.221046447, 5.166022049, 5.2362387319999995, 5.19133886, 5.518529387, 5.1454394, 5.13245319, 5.1575877210000005, 5.109937566999999, 5.170200584000001, 5.119677922999999, 5.344920594, 5.272700803, 5.218486519000001, 5.262702172, ]
118-27	3	[7.838654796999999, 7.940803388000001, 8.189418186000001, 7.871190415, 7.762158008, 7.799108978, 8.092748205000001, 7.851044724, 7.923171486999999, 7.774358458999999, 7.826522021, 7.64721401, 8.199891836, 7.862786726000001, 8.131889244, 8.133268694, 7.809797140000001, 7.935361811000001, 7.860690654000001, 8.257756993, 7.801665179999999, 7.900758972, 7.746985249000001, 8.295962629, 7.905111049000001, 7.778303982999999, 7.9180155249999995, 7.8227649370000005, 7.736339573, 7.946745848, 7.916681280999999, 7.941158008, 8.170668705, 7.849870746, 7.943798564000001, 7.752996251, 7.855778941999999, 7.716566182999999, 7.823774271, 8.136698479, ]
104-11	6	[8.117890817, 8.072592148, 8.101023323, 8.034286517, 8.137380373000001, 7.937347462000001, 7.989024831000001, 8.331031564, 8.172087808, 8.172393584, 8.195266897, 8.108757214, 8.136883935, 8.154627313, 8.014901532000001, 8.734480247, 8.230947743, 8.048475956999999, 8.085900313, 8.243782367, 8.162332169, 8.14705591, 8.203776602, 8.062586446000001, 8.040585694999999, 8.078362256, 8.295370606, 8.085273036, 8.231484024, 8.276343962999999, 8.237650269000001, 8.24323846, 8.242980493000001, 8.092216041, 8.078453772000001, 7.9674541130000005, 7.897666671, 8.109201864, 8.176641228000001, 7.898935423, ]
59-23	3	[4.521017463, 4.538791709000001, 4.513469515, 4.544658783, 4.696160224, 4.6399457150000005, 4.660571642, 4.603360916, 4.519364289, 4.555990894000001, 4.5976429439999995, 4.549728097, 4.569040789, 4.638715968, 4.538344327000001, 4.724363925, 4.566088512, 4.599244957, 4.574277072, 4.5841226399999995, 4.649878244, 4.615543859, 4.686630322, 4.691102894999999, 4.636810004, 4.5546483659999994, 4.608828738, 4.632937092000001, 4.478594011, 4.682259223, 4.596686998, 4.799607066, 4.591235285, 4.563998913, 4.631267267, 4.579087822, 4.682288684, 4.617633967, 4.6848100310000005, 4.731697693, ]
121-29	3	[4.553481107, 4.560868592, 4.562214197, 4.542937435, 4.561511556, 4.587275008, 4.513951767, 4.692188133, 4.682879531, 4.577917861, 4.710339729, 4.5360734549999995, 4.485872593, 4.557194894, 4.751950848, 4.638538185000001, 4.566243965, 4.674878736, 4.649857398, 4.5780534280000005, 4.561296215, 4.615183083, 4.552731743, 4.486454988, 4.517142473, 4.5426440260000005, 4.675081046000001, 4.592526735000001, 4.442787194, 4.504596174, 4.596002383, 4.545646013000001, 4.581462168, 4.599354164999999, 4.6144355909999994, 4.545061682, 4.617504107, 4.561288621999999, 4.495515757000001, 4.687769897, ]
94-16	6	[8.057258804, 7.7997431839999996, 7.594806437, 7.733738824, 7.722223162999999, 7.753579203999999, 7.720335627999999, 8.30669803, 8.050436255000001, 7.755982163999999, 7.808073667, 7.9892361140000006, 7.970245156, 7.797034515, 7.558517326, 7.784711014, 7.716773731999999, 7.874458809, 7.7508110089999995, 8.177705288, 7.613640256, 7.7590789220000005, 7.664849895, 8.107271044, 7.790178796, 7.828588548, 7.896088777999999, 7.929050387000001, 7.670708896000001, 7.664705811999999, 7.6943497800000005, 7.716917428, 8.132170145, 7.767216589999999, 7.662809243, 7.868949229, 7.73721606, 7.660422139, 7.650670826999999, 7.67520128, ]
87-31	2	[4.757231366, 4.663554858, 4.7285228009999996, 4.7102729629999995, 4.663736935999999, 4.651900104, 4.683143854000001, 4.660970877, 4.672692394999999, 4.7856844249999995, 4.781051507, 4.660075788, 4.688066478, 4.81913869, 4.660373749000001, 4.673984407, 4.744828569, 4.747546849, 5.179681918, 4.717517423, 4.745674479, 4.849348965000001, 4.616527152, 4.858877408, 4.6119362960000005, 4.678947009, 4.67681578, 4.681507569, 4.729254161, 4.911528303, 4.784614601, 4.718033324, 4.843256921999999, 4.728828758000001, 4.855197953, 4.887544638, 4.599866064, 4.663887633, 4.800627853, 4.8614465529999995, ]
63-13	3	[4.618153395, 4.5136673290000004, 4.587333279999999, 4.6397897960000005, 4.668449697, 4.555124696, 4.554764355, 4.541235873, 4.602842761000001, 4.718973008, 4.549693727999999, 4.5713193819999995, 4.575629472, 4.542228136, 5.269000071, 4.613024157, 4.661949412, 4.657821834, 4.676552833000001, 4.601748809, 4.67163694, 4.546349201, 4.5226460369999995, 4.478040145, 4.635794527, 4.601194712, 4.900801241000001, 4.691183318999999, 4.6958996520000005, 4.505618393, 4.731238191999999, 4.703790751, 4.598843979, 4.6246938349999995, 4.668889453999999, 4.705488366, 4.550907282, 4.555031005, 4.579294985, 4.525706635, ]
63-6	4	[4.683022307, 4.581334103, 4.626309002999999, 4.552471533, 4.602091719000001, 4.604844637999999, 4.583398897, 4.601765907000001, 4.584826619, 4.58154713, 4.538402725, 4.7190959040000005, 4.665077827, 4.750983267, 4.6013067780000005, 4.836766381, 4.521840943000001, 4.658292801, 4.667018587, 4.612593694, 4.662553559, 4.620435221, 4.609264033, 4.675511537, 4.625183517, 4.751205681, 4.5298418510000005, 4.570537020000001, 4.750892657, 4.645753731999999, 4.701497654000001, 4.5654380670000005, 4.556019484, 4.593232616, 4.570463276, 4.6469413809999995, 4.627920421, 4.635201717999999, 4.595072484, 4.6407710269999995, ]
59-6	5	[4.597592412, 4.559388861, 4.662154626, 4.58380514, 4.636794597, 4.598951067, 4.662520968, 4.5644751349999995, 4.571221253, 4.608195479, 4.658989845000001, 4.633035951, 4.531913171999999, 4.580083011999999, 4.661055265, 4.573921274, 4.537368271999999, 4.540035373, 4.586758052, 4.52421723, 4.562094041, 4.592815154999999, 4.562227086, 4.591190081000001, 4.607550349, 4.551595798, 4.536267763, 4.597053352, 4.560559926, 4.524426943, 4.687332217, 4.589651408, 4.501051404, 4.797856338, 4.659208803, 4.52434721, 4.612057756, 4.5437884109999995, 4.759410443, 4.569238046000001, ]
121-19	4	[7.732351465999999, 7.777075746, 7.645226180000001, 8.099603971, 7.737526730000001, 8.016621482, 7.681998568, 7.779077314, 7.7339410299999996, 7.813895251999999, 7.738639172999999, 7.5621608149999995, 7.7592518749999995, 7.748697147999999, 7.8375302940000005, 7.712831817, 7.580909733, 7.70411384, 8.013965533999999, 8.122740027, 8.042630982999999, 7.972906921999999, 7.75235863, 7.637232012, 7.559741388, 7.7234622449999994, 7.665315197, 7.826838512999999, 7.713940396, 7.806905167999999, 7.6512692410000005, 7.792111856000001, 7.707958016, 7.751528555999999, 7.6643228930000005, 7.685986262999999, 7.756236782999999, 7.584728950000001, 7.676336127999999, 7.7218201429999995, ]
121-18	5	[7.794917186999999, 8.049116859, 7.907923459, 7.787564006, 8.050245807, 7.640419305000001, 8.03008777, 7.721304621000001, 7.668870877, 7.833309386000001, 8.001066281, 8.319432011, 7.787533858999999, 7.903220728000001, 7.806639524000001, 7.775935684, 8.118799438, 7.862040872, 7.681264547, 7.689860864, 7.730643117, 7.771259841999999, 7.732027552, 7.786539135, 7.699993962999999, 8.212673407, 7.842551339999999, 8.317009994, 7.745036641, 7.6564050439999995, 7.644896321000001, 7.880158510000001, 7.750161020999999, 7.583277489, 7.732266804, 7.954189704000001, 7.854897145000001, 7.822408651, 7.501292864, 7.7308277080000005, ]
57-27	4	[7.697968419, 7.779558290000001, 7.653029018000001, 7.744602907, 7.70054893, 7.661396347, 7.773074782, 7.623100387, 8.042278986, 7.813173680999999, 7.664921898, 8.133276901999999, 7.642631527, 7.937271919, 7.738894437000001, 7.720367116, 8.256430739999999, 7.669063339999999, 7.630468725, 7.8894483289999995, 7.567188055, 7.661431103, 7.7370444449999995, 7.773742903, 8.000305141, 7.9929145639999994, 7.714690158000001, 7.700327156, 7.751246124, 7.768658512, 7.576532836, 7.623134308999999, 7.964807505, 7.661394680999999, 7.687927852, 7.556620024, 7.706040402, 7.749091932999999, 7.6271288020000005, 7.72553862, ]
91-6	5	[4.633745311, 4.5152810599999995, 4.495524013, 4.669615276, 4.534195399, 4.498821372, 4.530557830999999, 4.660781685, 4.6059207440000005, 4.529221478, 4.65575599, 4.553849825, 4.603967654000001, 4.605438369000001, 4.653383960999999, 4.702054539, 4.5738570990000005, 4.569397013, 4.606812239, 4.576758453, 4.600696309, 4.560145426999999, 4.536944549, 4.570880993, 4.914358330000001, 4.530743768, 4.531317747, 4.515623957, 4.59295005, 4.553881884000001, 4.688315601, 4.557115391, 4.519092269000001, 4.730958562, 4.586934521, 4.540307318, 4.575890601999999, 4.575497840000001, 4.585727305, 4.880608606, ]
69-10	7	[8.413337044, 8.419563409, 8.272750682, 8.399617263, 8.363581073999999, 8.299290018, 8.230528794000001, 8.135500835, 8.151950136, 8.367374947999998, 8.117631485999999, 8.090049800000001, 8.265857904, 8.307114382, 8.155568158, 8.209859703, 8.351287697, 8.193333086, 8.169608023, 8.257054723000001, 8.164043408000001, 8.436185162000001, 8.254422631, 8.650596401, 8.319775029, 8.348607854, 8.335553882, 8.232816862, 8.205816948999999, 8.420702803000001, 8.552231150999999, 8.145824127000001, 8.277659247, 8.346308548, 8.363509958, 8.37090913, 8.173270893, 8.604588409, 8.300978653, 8.592679065, ]
57-11	5	[7.893523022, 7.6537553130000004, 7.768404933999999, 7.728684468999999, 7.954919261000001, 7.589155066, 7.803367142999999, 7.792256881, 7.634984729, 7.7479799609999995, 7.789108517, 7.74153001, 7.827902675, 7.889047317999999, 7.990102984, 7.919426885, 7.835666370999999, 7.853114873, 7.835958797, 7.647617830999999, 7.584348327, 7.8017581080000005, 7.69135628, 7.757797565000001, 7.69269527, 7.714960434000001, 7.807282529999999, 7.643561418999999, 7.814199272, 7.767067175999999, 7.677513813999999, 7.780999533999999, 7.9779438229999995, 8.082397687, 7.827075031000001, 7.696884997, 7.835207946, 7.877381355, 7.8235977619999995, 8.433501633, ]
102-15	4	[5.132079505, 5.212560427, 5.005006817, 5.1294934549999995, 5.040830509, 5.027141758, 5.4605519110000005, 5.218727180999999, 5.057950131, 5.183685839, 5.043706056, 5.05715349, 5.026451708, 5.053674019, 5.085600107, 5.060878431, 4.968162231, 5.008390578, 5.06974621, 4.9658418, 5.093404242, 5.017529883, 5.009368572, 5.015481093, 5.217932585, 5.260477049, 5.003146906, 5.055417095, 5.094040512, 5.159772856, 5.008715424, 5.025858962, 5.0326365509999995, 5.301486986, 5.0606508980000005, 5.171432251000001, 5.054784596, 5.159322797, 4.991534325, 5.0382175149999995, ]
85-20	6	[4.874225930000001, 4.717876505, 4.813863063, 4.71570116, 4.677115357, 4.693535915, 4.672439914, 4.682917643, 4.605205371, 4.8079321539999995, 4.898324669, 4.871229614, 4.691887375, 4.757789053, 4.711082086, 4.770533367, 4.6673928380000005, 4.701785060000001, 4.681496128999999, 4.78567183, 4.703744417999999, 4.691962122, 4.736533172, 4.590752649, 4.687977877, 4.75625973, 4.662686299, 4.829414851, 4.833984017, 4.597603887, 4.916488864, 4.707733245, 4.686176221, 4.700791606, 4.72714733, 4.677138631, 4.799086396000001, 4.854797809, 4.721934469000001, 5.422129173, ]
56-25	6	[7.687414884, 7.779315915999999, 7.842018335, 7.688051158, 7.717006822, 7.751596363, 7.804797697000001, 7.739306373000001, 7.679076295, 8.151216022, 7.949597529, 7.7319622830000005, 8.084894556, 7.860584638000001, 7.857427428, 7.546978055, 7.672256481000001, 7.716960701, 7.656414783, 7.7254493129999995, 7.780863152999999, 7.593540542, 7.666319012999999, 7.885478194, 7.687230873999999, 7.820311693000001, 7.995897267, 7.654983820999999, 7.72648672, 7.740212586, 7.749446235, 7.735328117000001, 7.58089109, 8.137531509999999, 7.809279762, 8.104180534, 7.784723968000001, 7.665610562, 7.660673271, 7.654233889, ]
55-4	6	[4.6713816569999995, 4.685527552, 4.691272648, 4.671578022, 4.685247722000001, 4.838583067, 4.926759959, 4.641409753, 4.68147845, 4.714513373, 4.6892384510000005, 4.78430125, 4.697092523999999, 4.720262856, 4.762304857999999, 4.734257369, 4.780476547, 4.720014267, 4.693560223, 4.85202398, 4.737797232, 4.855947925000001, 4.795964714, 4.81710376, 4.735950353000001, 4.691067246999999, 4.765140976, 4.735215437, 4.88689153, 4.697368468, 4.7637555119999995, 4.827622147, 4.6750546029999995, 4.686010317999999, 4.698140422, 4.643180708, 4.692735285, 4.834546692, 4.687384024, 4.7102366909999995, ]
51-29	4	[4.865189223, 4.78627274, 4.728547533, 4.625650063999999, 4.729785979, 4.693306513, 4.671774649, 4.8474106379999995, 4.683780325, 4.82995111, 4.677282766, 5.413635826, 4.935140148, 4.750793725, 4.7969824459999995, 4.635403248, 4.663507013, 4.839198736, 4.696426670999999, 4.713950023, 4.725651504, 4.722160128, 4.619641296, 4.702475991, 4.829114291, 4.671650618, 4.705252711, 4.669712925, 4.667669658, 4.611284671, 4.755941847, 4.783785621, 4.692823545, 4.751888354, 4.683134155, 4.719403718000001, 4.705679514, 4.590413421, 4.711185705, 4.644899463, ]
44-10	7	[8.313798804, 8.187043682, 8.238427385, 8.281244203, 8.135760534, 8.528633916999999, 8.262850403, 8.095457960000001, 8.18827814, 8.177796891000002, 8.022891542, 8.224034785, 8.136918973, 8.301518772, 7.987531052, 8.095853053, 8.107338881, 8.225704434999999, 8.001637442, 8.229239854000001, 8.659468259, 8.156428775, 8.169358493, 8.303153666, 7.967528303, 8.087082983, 8.000979626000001, 8.324549665000001, 8.217179591, 8.122963436, 8.239761831, 8.032002294, 8.173622847, 8.198403453, 8.222735980000001, 8.095669311, 7.975009401, 8.041496384, 8.101529173, 8.084540495999999, ]
48-25	7	[7.763464275999999, 7.948599688, 8.117210092999999, 8.187037417, 7.8867172299999995, 8.232735286, 7.754744035000001, 7.727051466, 7.896655052, 7.951085889999999, 7.822782491000001, 7.846789715, 8.125572527, 7.8015538929999995, 7.737350654000001, 7.865794955, 7.9455270659999995, 7.898009673999999, 8.015007531, 8.060289648, 7.838734496, 7.7415721500000005, 8.214297879, 8.201231745, 7.877233608, 7.821480148999999, 7.860599403, 7.864882457000001, 7.728882305, 7.938924343000001, 7.782621809, 7.741556961, 7.908269550999999, 7.707612575, 7.857901342, 8.241063865000001, 8.001847893, 7.8244306130000005, 7.782854372999999, 8.016610355000001, ]
43-11	5	[8.220523487, 8.198126303, 8.295292393, 8.31074832, 8.200912367, 8.283782307000001, 8.273632138, 8.248160678000001, 8.280399225, 8.210781353, 8.121853472000002, 8.615208063999999, 8.250320710999999, 8.030403196000002, 8.424342817000001, 8.177066541, 8.162075629999999, 7.9243126870000005, 8.442084361, 8.0917682, 8.040821501, 8.286328797000001, 8.278799695, 7.974161615000001, 8.310317233, 7.952581897000001, 8.579546039, 8.293366626, 8.295981917999999, 8.132077297, 8.380881521, 8.169263146, 8.319870643, 8.152395095, 8.308905178, 8.349389193, 8.233806921000001, 8.348522689, 8.212639035, 8.20289217, ]
53-21	5	[4.853439868, 4.815611990000001, 4.686220186, 4.854045812, 4.6866616180000005, 4.849905941, 4.755994122000001, 4.790598585000001, 4.695855002, 4.7749821820000005, 4.740759634, 4.9160879820000005, 4.674515218, 4.936587497, 4.743194338, 4.70319322, 4.88572952, 4.72265198, 4.698165799, 4.724588722, 4.717618127, 4.743165298, 4.649625232, 4.758821569, 4.673206049, 4.7158812160000005, 4.785759929, 4.718022512, 4.68057783, 4.646387670999999, 4.706946704, 4.713085602, 4.6520552760000005, 4.9946834110000005, 4.708624131, 4.7629641110000005, 4.772840174, 4.729705011999999, 4.674267364, 4.910771491, ]
53-20	6	[4.7781749840000005, 4.704735544999999, 4.945271416000001, 4.779908913, 4.76284145, 4.678895042000001, 4.70415394, 4.738275522, 4.715765008, 4.720560176, 4.853127442, 4.7177533380000005, 4.8394852550000005, 4.709556615, 4.804026957, 4.635235058, 4.621753501000001, 4.660386467, 4.7554902960000005, 4.801348976000001, 4.818795617, 4.661354484, 4.811074537, 4.680965927, 4.756649036, 4.687697235, 4.716908784, 4.700833778, 4.756030195, 4.755044176, 4.789548406, 4.781444902, 4.715036927, 4.651196773, 4.68973092, 4.703684518999999, 4.678493605, 4.661580418, 4.850730621, 4.627907013, ]
53-17	6	[7.805159794, 7.8763782540000005, 7.994876670000001, 7.848037399, 8.297511129, 7.972131997, 7.895318515, 7.924614312999999, 8.199061035, 7.755545665, 7.796224691000001, 7.998732553999999, 8.99371792, 7.964571313, 8.243098122, 7.798440352999999, 8.083942805000001, 7.9226779370000004, 7.859476021999999, 7.976773092999999, 8.171848056, 7.904589994999999, 7.828125612000001, 7.865347207, 8.011906343, 7.929268947000001, 7.795985556, 7.95629692, 7.732977273, 7.896296144, 8.037047824, 7.749232278000001, 7.965942995, 7.850902187, 7.930865198, 7.943125414, 7.804399750999999, 8.004512349999999, 8.252223515, 7.846495203999999, ]
52-6	7	[4.683105572, 4.6232779840000005, 4.75255426, 5.149762438, 4.660624063999999, 4.702146603, 4.6888094339999995, 4.716996443999999, 4.6543548679999995, 4.817400119999999, 4.749041027, 4.860558652, 4.732079946000001, 4.774078201, 4.675799492, 4.821406642, 4.9028984300000005, 4.7615685139999995, 4.6727175469999995, 4.808063476, 4.657418084, 4.932204421000001, 4.673864872, 4.661159861, 4.712700627, 4.706809688, 4.717367823, 4.815331532, 4.7388591490000005, 4.7589465870000005, 4.945585489, 4.681109099, 4.654082184, 4.818780018, 4.674498713, 4.837927274, 4.733209315, 4.7550140050000005, 4.689824353, 4.716062502, ]
48-18	8	[7.7969653679999995, 7.864072106, 8.188534675000001, 7.8173266969999995, 7.827009445, 8.131762526, 8.189318002, 7.760856067999999, 7.914912204999999, 7.863474199, 8.052047971, 7.930681552, 7.818099117, 8.117651086999999, 7.769104207000001, 7.759932803, 7.641129167, 7.718415117, 7.924814194999999, 7.983199398000001, 7.8845181250000005, 7.857567213000001, 7.918066256, 7.785429420999999, 7.860251788000001, 7.794718193, 8.153185633, 7.798440318000001, 7.943546586999999, 7.7654264930000005, 8.214082402999999, 7.715729865, 7.815533327000001, 8.061222878, 7.8713463699999995, 7.853189826, 7.774267941000001, 8.011282838, 7.948937913, 7.7701678030000005, ]
42-31	4	[4.98011799, 4.964239595, 4.901822039, 5.037697743000001, 4.96532366, 4.943333721, 4.938049565, 4.9096306279999995, 5.062612473000001, 5.1868836720000004, 4.909917229, 5.025549738, 4.91373101, 4.942563508999999, 4.931920975, 5.0135617980000005, 4.993741792, 4.9486661540000005, 4.917486222999999, 4.950536360999999, 4.952572929, 5.0597943590000005, 4.935989674, 4.928171178, 4.967656806, 5.104852645999999, 4.988618952, 4.944804256, 4.832083051, 4.927511311, 4.935386953, 5.13506245, 5.016472353, 4.842038756, 4.993987230999999, 5.0680684010000006, 4.984586371, 4.866549164, 5.025981584, 4.971116709, ]
38-28	6	[5.061336045, 5.213446215, 5.1344936400000005, 5.455926821, 5.097644246000001, 5.080946046, 5.144867743000001, 5.049933901, 5.241082003, 5.080627203, 5.0514195, 5.092620237, 5.0742626390000005, 5.049662029, 5.215227132, 5.207565733, 5.1355715360000005, 5.022076471999999, 5.006170424, 5.071045915, 5.256905072, 5.177257771, 5.000514401, 5.086751716, 5.131720697, 5.120735956000001, 5.141866538, 5.197371028, 5.067175226000001, 5.028917246, 5.026603542, 5.053078036, 5.220534171, 5.078024737, 5.081110335, 4.9763099650000004, 4.962769097, 5.078725909, 5.1241880890000004, 5.070582377, ]
30-7	5	[4.574076671, 4.543165554, 4.597883467, 4.632302751, 4.562897278, 4.512715375, 4.841955273, 4.6606959969999995, 4.533473683, 4.561460439999999, 4.5557105060000005, 4.532496695, 4.624774549, 4.591203309000001, 4.625297755, 4.499505896, 4.557636095, 4.641374719, 4.554832631, 4.574795305, 4.564960673, 4.591875849, 4.688255827, 4.5860465790000005, 4.699730316999999, 4.698881824, 4.62789663, 4.525924789, 4.703917962999999, 4.554095668, 4.701112792, 4.523027573, 4.879746012, 4.6730427489999995, 4.5915303530000005, 4.633791948000001, 4.511751615, 4.553009525999999, 4.488285631999999, 4.84601012, ]
12-29	6	[5.017227747, 4.934928398, 4.91354361, 4.872387057, 4.991934848, 4.958874765, 4.952607766, 4.920728412, 5.030836309, 4.955169654, 4.902540348, 4.952707977999999, 4.953522441, 4.929562980999999, 4.9352854520000005, 4.897787302999999, 4.882240962, 4.908323202, 5.004155756, 4.933647007, 4.974341724, 5.14952504, 4.928489954, 5.001003292, 5.079641061, 4.963295396, 4.916912336, 4.984730864, 5.037700251, 4.95038575, 4.967436256, 5.033421841, 4.926637715, 4.93665289, 4.960711231, 4.978028126, 4.910794441999999, 5.032693459, 5.056063409, 4.918238720000001, ]
6-2	9	[8.350289678, 8.428139830000001, 8.099468135, 8.290334466, 8.419468899, 8.191571738, 8.306067706, 8.317069526, 8.203875271, 8.03452686, 8.253051896999999, 8.127686023, 8.209259532, 8.425856375999999, 8.229025961000001, 8.09890642, 8.322431175, 8.361288286999999, 8.34201756, 8.136585842999999, 8.211563882, 8.420736306, 8.371820712, 8.501362063, 8.244153208, 8.278258115, 8.362917501, 8.302872427, 8.369447531, 8.502708610000001, 8.149688438, 8.274313574999999, 8.089678738, 8.290342787, 8.227673029, 8.023893183, 8.309717892, 8.450160795, 8.139357671, 8.34396103, ]
1-19	8	[8.256526631000002, 8.364934416999999, 8.388757687, 8.469377031999999, 8.280836376, 8.10749206, 8.365902132, 8.479099466, 8.239081056, 8.279008125, 8.237736810000001, 8.581794185, 8.397827987, 8.371566727000001, 8.580358869000001, 8.349723636, 8.32238476, 8.374878056, 8.240290202, 8.370385719, 8.309701241, 8.397383207, 8.486115138, 8.429137147999999, 8.28164709, 8.299633925, 8.524876833, 8.645411275, 8.511109503, 8.291268858, 8.227917601, 8.418631033, 8.164357339, 8.245392824, 8.334065976, 8.318508529, 8.262304782, 8.20905756, 8.484139059999999, 8.516770481, ]
33-25	7	[8.583546817, 8.255171984, 8.409623822, 8.274755964, 8.10523955, 8.3558238, 8.426369328, 8.126070233, 8.652661163, 8.458049926, 8.224781329, 8.726889725, 8.415344174, 8.443047855000001, 8.622938040000001, 8.636237805999999, 8.626437886, 8.358255720999999, 8.261306044, 8.351315385, 8.217127477, 8.56924521, 8.190233875, 8.549320657, 8.968180002, 8.417394191, 8.289086015, 8.329552806999999, 8.327387918, 8.188953004, 8.152559005999999, 8.661301519, 8.236334144999999, 8.326311937000002, 8.260912434, 8.487317378, 8.304189417, 8.374529386, 8.147114552, 8.263470384, ]
30-26	5	[7.6713137829999996, 7.825673887000001, 8.306102365, 7.7781232110000005, 7.672295982, 7.773053058, 7.837003651, 7.562134279, 7.812488037999999, 8.12802036, 8.149974557, 7.812115585, 7.943195879, 7.639618351, 7.799165783, 7.7912949949999994, 7.561299974000001, 7.648714120999999, 7.859170465, 8.066703353000001, 7.570377597, 7.51852813, 7.902706017000001, 7.675777173999999, 8.384063195, 7.817176081000001, 8.072025659000001, 7.777962383, 8.026173932, 7.7869969470000004, 7.592160259, 7.690885118, 8.030542647, 7.803618542000001, 7.544015543, 7.856385818, 7.834153100000001, 7.828461728, 7.693578896, 7.678194205, ]
29-13	5	[4.532399699, 4.540042155, 4.533965667, 4.524201744, 4.544968744, 4.530185213999999, 4.527006623, 4.569454704, 4.593706032, 4.668764828, 4.562148538, 4.6679738550000005, 4.8347394480000006, 4.72926092, 4.703998181, 4.539075802, 4.5113852240000005, 4.560822454, 4.631567266999999, 4.685743812, 4.553253535, 4.636298342, 4.51341013, 4.595548075, 4.697178366, 4.733011191, 4.5603313750000005, 4.641468691, 4.5086769769999995, 4.684666263, 4.5851987990000005, 4.469062017, 4.742361558, 4.628179128, 4.968552097, 4.5863073000000005, 4.646673412, 4.608948827, 4.671745976, 4.541943104, ]
23-22	5	[4.727566725, 4.683786808, 4.685551245, 4.65656289, 4.726784964, 4.742719972, 4.719532542, 4.766395384, 4.843416943, 4.798930082, 4.664441369, 4.948854405, 4.710924065, 4.665591494, 4.71746033, 4.831284858, 4.686103200000001, 4.839582142, 4.859583774, 4.703352821, 4.767806628000001, 4.795198285, 4.69947232, 4.691087302000001, 4.722647169, 4.718250559, 4.638377519, 4.818906109, 4.887079395, 4.694763291, 4.789473644, 4.840260044, 4.758142404, 4.680311529, 4.936246104, 4.885265359, 4.723343688, 4.658828116, 4.707286765, 4.91487175, ]
19-3	7	[7.883094496, 7.944444562999999, 7.949162999, 7.8355608949999995, 7.886261481999999, 7.861789535000001, 7.858024250000001, 7.7375817730000005, 7.8987343, 8.015592404, 8.002216204, 7.796395978, 7.9228421540000005, 7.781012366, 7.877162584000001, 7.927533206, 7.924087546, 7.563848890999999, 7.9178384799999995, 7.743685653000001, 7.915528361000001, 7.835461604999999, 7.929071038, 7.91879393, 7.787189661000001, 7.615605865, 7.724060104, 7.830536088, 7.891921166, 7.761425125, 7.806449355999999, 7.838472778, 7.918133557, 7.858058571999999, 7.981493137, 8.144362788, 8.015449587, 7.994124814999999, 8.460438795, 7.932547491, ]
17-9	8	[8.02381614, 7.772629906, 8.144771061, 7.974945225999999, 7.978732503, 7.733099279999999, 7.893318785, 7.978662627, 7.9203469250000005, 7.793362315, 7.975139677, 7.739979200999999, 7.906116839, 7.980954791000001, 7.934061758000001, 8.03476794, 7.8363390530000006, 7.760085025, 7.939875434, 7.891664651999999, 7.89673407, 8.464330301999999, 7.626883874, 7.897253909999999, 8.195239803, 7.850550372, 7.761593833999999, 8.039772786, 8.022738414, 8.386052013999999, 7.707876337, 7.674061703, 8.297948784, 8.077717662, 7.961477436000001, 7.800022049, 7.5834086009999995, 7.896872685, 7.737195675000001, 7.966571471, ]
13-27	5	[8.01428635, 8.330926123000001, 8.234404244, 8.165267454999999, 8.524391503, 8.036452926, 8.158120075000001, 8.064181600000001, 8.085817545, 8.119701322, 8.197693133, 8.408517474, 8.233895559, 8.146603652, 8.145298246, 8.157398499, 8.427201812, 8.152959138, 8.231392775, 8.013887568, 7.995466962999999, 8.203753254, 8.269730363, 8.509803302000002, 8.123690023, 8.55027883, 8.539576556999998, 8.301897488, 8.205291587000001, 8.163772155, 8.073928650000001, 8.184446557000001, 8.171212744, 8.487657869, 8.121606992, 8.18109273, 8.123323055, 8.447385443, 8.088451021000001, 8.25220164, ]
29-6	6	[4.511592608, 4.521495825, 4.492756854, 4.697944198, 4.543903537, 4.527659606, 4.606945672999999, 4.579862771, 4.589814965, 4.561578064, 4.551167766, 4.631387102, 4.77642437, 4.854126961, 4.52513671, 4.637679568, 4.657787572, 4.598858536, 4.581168994, 4.638777052, 4.647670067, 4.571924141999999, 4.545704426, 4.560682568, 4.534152161, 4.5032134489999995, 4.647030717, 4.57483902, 4.701212942, 4.556292546, 4.5614814379999995, 4.553020147, 4.558857712, 4.60550746, 4.863670977, 4.460381705, 4.568113648, 4.544241848, 4.562186475000001, 4.591492501, ]
27-5	6	[4.666474165, 4.522298852, 4.709514986, 4.573005404, 4.536402677, 4.482686257, 4.551295275999999, 4.583347278, 4.530027958000001, 4.685941851, 4.687318562, 4.63209517, 4.544645112, 4.6638330670000006, 4.59810179, 4.7621371980000005, 4.551746903000001, 4.646677112, 4.580564272, 4.650545114, 4.592249454, 4.512279984, 4.5765235, 4.539560258, 4.776764731999999, 4.481916915, 4.509278191, 4.640421012, 4.576086604, 4.635092605, 4.540141960000001, 4.529883642000001, 4.525359053, 4.558574119, 4.7166958139999995, 4.533926301, 4.567286201, 4.616647575, 4.488498235, 4.601279729, ]
18-25	7	[7.874684381, 8.134594238, 7.743806904000001, 7.9493319190000005, 7.853188002, 7.783011769, 7.748316292, 7.8721746260000005, 8.223866908000002, 7.831669518999999, 7.756846872000001, 7.76290218, 7.892789685, 7.958247808, 7.924345067, 7.709050808000001, 7.860152104999999, 7.899592591999999, 7.761577194, 8.004707858000002, 7.964403185, 8.060353012999999, 7.859608556, 7.777948457, 7.842458486, 8.14131932, 7.891032874999999, 7.949465577000001, 7.847152746999999, 7.870619390000001, 7.952928133, 7.764374580999999, 7.754399049, 8.062684267, 8.051857383, 8.010412163, 7.783354405999999, 7.7735656220000005, 7.909416536999999, 8.011022584000001, ]
11-5	7	[4.991720526, 5.232225431, 5.078647462999999, 5.081907097999999, 4.991711192, 5.030487217, 5.197851894, 4.991629711, 5.0400908950000005, 5.0326132999999995, 5.014519065, 5.035748764, 4.995874617, 5.01081502, 5.058367872, 5.007718367, 5.088150112, 4.936201279, 5.129185377, 5.153533289, 4.964673425, 4.9997299559999995, 5.088785101, 5.061455614, 5.004352656, 5.195917111, 5.088851805, 5.094353642000001, 5.004711129, 5.036759262, 5.1640435479999995, 4.9722201660000005, 5.108183421000001, 5.032732293, 5.154453928000001, 5.023905571999999, 5.133554625, 5.025749616, 5.111479644999999, 5.228709878, ]
6-12	8	[5.1012487040000005, 5.212309198, 5.324566854, 5.053868838, 5.011033888, 5.176858042, 4.996408647, 5.135415017, 5.062425538, 5.064032552, 5.053146891000001, 5.213475552, 5.06507951, 5.090899233, 5.010264038, 5.0745538240000005, 5.367425499, 4.986965842, 5.1084420370000005, 5.164461676, 5.213197323, 5.028444549, 5.1248244309999995, 5.0571883589999995, 5.058302014, 5.071592048, 5.09339535, 5.100634333, 5.019852921, 5.126391175, 5.104911621, 5.034373701, 5.0757582480000005, 5.012745377, 4.9227608290000004, 5.000548859, 5.002242019, 5.013012146, 5.083101044, 5.135956553, ]
4-7	8	[5.168123007, 5.008247057999999, 5.133327338, 5.248156003, 5.264434400000001, 5.167615635000001, 5.0154793699999995, 5.026310598999999, 5.11198756, 5.155058311, 5.093132095, 5.199507578, 5.2411314860000005, 5.095126907, 5.279391776, 5.079459289000001, 5.238883684, 5.0513250880000005, 5.060762539000001, 5.049833279, 5.098247013, 5.0978506150000005, 5.100408322, 5.195032717999999, 5.0853077980000005, 5.011641048, 5.2201292960000005, 5.543686213, 5.116304887, 5.079101395, 5.2283441669999995, 5.240537815, 5.112519486, 5.102160317999999, 5.096614725999999, 5.210976516, 5.2857039299999995, 5.057711285000001, 5.228730207, 5.037524967, ]
3-0	10	[8.445781271, 8.323340743, 8.218881446, 8.525450766, 8.311435321000001, 8.296763836, 8.344384768000001, 8.357200854, 8.456754715, 8.514245322999999, 8.238516208, 8.366943415, 8.453919217, 8.312710335, 8.267498686, 8.569884544, 8.243549817, 8.299023725, 8.341455312, 8.263549105000001, 8.999207541, 8.157927743999998, 8.257143299, 8.063785742, 8.584932451, 8.482253157999999, 8.273096711, 8.214054482, 8.518365308, 8.284286718, 8.271642533, 8.150292655, 8.320382034, 8.454926215, 8.945299449, 8.553511358, 8.325570461000002, 8.400925541, 8.549006079, 8.341385337, ]
25-16	8	[7.670282061000001, 8.045513694999999, 7.665451617, 7.724304470999999, 7.726874852, 7.819356354000001, 7.753553019000001, 7.774638256, 7.779571323, 7.793553998, 7.846887819, 7.763203183, 7.8088982929999995, 7.783513831, 7.7410962, 7.832820462000001, 7.602618986, 7.838072757, 7.673081893, 7.669318805, 7.864311246, 7.6760230400000005, 7.5728518000000005, 7.887372969000001, 7.865222349000001, 7.727402061, 7.713050272, 7.811392199999999, 8.0793874, 7.733604625000001, 7.691369984, 7.855838102, 7.755064417999999, 7.7305921, 8.159679648, 8.030120117, 7.661633201, 7.699562114000001, 7.7032904129999995, 7.7328718180000005, ]
17-23	6	[5.544240813, 4.791750851000001, 4.657858590999999, 4.697233814, 4.624000753, 4.836251351, 4.708909136, 4.757350333, 4.612004981999999, 4.773510422, 4.820918887, 4.649298862, 4.8136114679999995, 4.6634012899999995, 4.701142014, 4.678119037, 4.672281151, 4.609289722, 4.683604153, 4.846005688, 4.7948637739999995, 4.63096202, 4.821504702, 4.656803619, 4.687508235999999, 4.607669713, 4.801488835, 4.6859979439999995, 4.711086109, 4.82827473, 4.718768274, 4.691860788, 4.741375597, 4.837169324, 4.693663465, 4.679971486, 4.74902087, 4.677374735, 4.732334057, 4.675814719, ]
14-12	7	[5.072873127, 4.956639994, 4.996747036, 5.0689969029999995, 4.928528343, 4.872164388, 5.052217008, 4.903483124, 4.907122439999999, 5.0076681259999996, 4.950863151, 5.155266496, 5.068222547, 4.963015398, 4.975049438, 4.981753696, 5.000736038, 4.891736596, 5.095860762, 4.986199721, 5.08008285, 4.8783348, 4.86110594, 5.067653303, 4.98298033, 4.992990385000001, 4.843617988, 4.896018002, 4.907641628, 4.821352083, 4.9628760210000005, 5.119159091, 4.914062659, 4.943921462, 5.082587465, 4.924387474, 5.073079796, 4.926279095, 5.052404089, 4.915968136, ]
34-15	6	[5.075585242, 5.082615511, 5.103879674, 5.1313814849999995, 5.002228683, 5.081915448, 5.14181408, 5.028865489999999, 5.053399435, 5.0626205010000005, 5.0783004919999994, 5.010467923, 5.148446699, 5.057017462, 5.169913959, 5.108945093, 5.201182748, 5.0130956520000005, 5.025241322, 5.065848193000001, 5.053523319, 5.0357417390000005, 5.319124179, 5.024324512, 5.123843487, 5.072704914, 5.053511908, 5.1045280040000005, 5.010515766999999, 5.135073749, 5.104397798, 5.068786265, 5.075211264, 5.1348503139999995, 5.038798132, 5.1929544750000005, 5.0700344369999994, 5.108906039, 5.009608295, 5.053878081000001, ]
32-2	10	[8.311941916, 8.217706502, 8.252957961, 8.301806544, 8.160285446000001, 8.053131147999999, 8.317279502, 8.464547812, 8.154926505999999, 8.164281319, 8.445054931, 8.172348163999999, 8.190941183, 8.344470159, 8.171360544, 8.297916174000001, 8.342487677000001, 8.228566896, 8.19843123, 8.161641751, 8.084308803999999, 8.153052502, 8.949865222000001, 8.090942001, 8.231998042, 8.311760651999998, 8.18344782, 8.050643637, 8.144732305, 8.355565931, 8.350472563999999, 8.178247827, 8.250129349, 8.403527143, 8.402405272000001, 8.165363783, 8.263904645, 8.343016244, 8.255682685, 8.207418156000001, ]
23-10	6	[7.743874081, 7.981043617, 7.893930962, 7.817193918, 7.845366381000001, 7.786536564, 7.8833263129999995, 7.82311487, 7.833535237, 7.9488157170000004, 8.071562758, 7.791790712, 7.710496869999999, 7.827605459000001, 7.8689488050000005, 8.062187626, 7.864255471, 8.092716584, 7.700906056, 7.729855396, 7.77453623, 7.9375186509999995, 7.750158138, 7.8646027069999995, 7.787474046999999, 8.052555303, 7.966708988000001, 8.087291522000001, 7.983141069, 7.732689208, 7.9126480070000005, 7.716035282000001, 7.864063228999999, 8.119227973000001, 7.835004819, 7.899608597, 7.940026717000001, 7.993690733999999, 7.892516118, 7.629107566, ]
22-3	7	[8.014997545, 7.857488465, 7.869344796999999, 7.896811419, 8.566127299, 8.092318585000001, 7.888622131, 7.9837542390000005, 7.911139789000001, 7.818657499999999, 7.849325291, 7.895379075, 7.778270413, 7.759828223, 7.972083599, 8.01462002, 7.732511071000001, 8.017681823999999, 7.879021969, 7.933034201, 7.924769094, 7.975352847, 7.914932976, 7.856855298999999, 7.931959099, 7.927888842, 7.7079884729999995, 8.113158277, 7.618971171, 7.767023941, 7.876218149, 7.943535097000001, 7.826914812, 8.027870351999999, 7.89292025, 7.862118854000001, 8.292216237, 7.846863018999999, 8.368794559, 7.749537324, ]
21-31	4	[4.656179054, 4.661022721, 4.686531808, 4.848618135, 4.662407426, 4.653368874, 4.637354544, 4.676416637, 4.661847636999999, 4.649822368, 4.729987708, 4.663614878, 4.667332857, 4.655871802, 4.720528196, 4.69717948, 4.735166802999999, 4.6982644019999995, 4.615058159, 4.793097107, 5.0903480530000005, 4.6320233150000005, 4.70044285, 4.722828958, 4.736353145, 4.637359839, 4.734842796, 4.675997702, 4.735034657000001, 4.848351755, 4.8150988009999995, 4.7982361010000005, 4.789591107000001, 4.704960443999999, 4.659871168, 4.6834716190000005, 4.704184266, 4.694379896, 4.690148849, 4.882902741, ]
20-22	7	[4.7840546370000006, 4.679577467, 4.745583835, 4.806823461, 4.6988180559999995, 4.707400647, 4.907766586, 4.70255238, 4.742076843, 4.765916905, 4.7802986569999995, 4.733894253, 4.803584711, 4.660748759, 4.637624036, 4.887398047, 4.635683777, 4.832320206, 4.739662277, 4.672319288, 4.698176162999999, 4.687731866, 4.737492698, 4.745680868999999, 4.6941050650000005, 4.711470233, 4.816379642, 4.7066858, 4.658321172, 4.656937192, 4.705448982999999, 4.707125506, 4.640395418, 4.744875371999999, 4.703185081, 4.736818688, 4.6701069550000005, 4.65387705, 4.74934938, 4.631480893, ]
11-22	6	[4.98359749, 5.093245262, 5.117716408000001, 5.069153432999999, 4.948278269, 5.351768090999999, 5.09144662, 5.202103416, 5.014968756, 5.0648397659999995, 4.9866975600000005, 5.163989113, 4.950811585, 5.01708231, 5.141562036, 4.946905837, 5.122680873999999, 5.0056401180000005, 5.058161976999999, 5.087559414999999, 5.062898821, 5.065529593, 5.023993332, 5.085492506, 5.030460990000001, 5.021723159, 5.051358272, 5.352021687000001, 4.97776315, 5.049508076, 5.037873525, 5.0549671290000004, 5.166619896, 4.994124706, 5.075786212, 5.2050478799999995, 5.060303132, 5.088507436, 5.043596932, 5.003466517000001, ]
7-26	6	[8.477093159, 8.311341642, 8.724322765, 8.253243428, 8.185305157, 8.239968141, 8.442602302000001, 8.353227365, 8.337362582, 8.306890323, 8.242060319, 8.66832595, 8.343236192, 8.210950729, 8.890442246, 8.302350815, 8.528178118, 8.293247000000001, 8.534032231, 8.370556218, 8.113251421, 8.271342370000001, 8.710731523, 8.359878695, 8.246021926000001, 8.392072014, 8.220198037, 8.180034861, 8.420491367, 8.496455547, 8.340703736, 8.300926832, 8.23192242, 8.60430006, 8.364645354, 8.356228084000001, 8.392713838999999, 8.251361267, 8.240410615, 8.429568669999998, ]
7-1	8	[8.521442299, 8.54779981, 8.411284356, 8.239424342, 8.089636394000001, 8.28301024, 8.317008565, 8.307140648, 8.144612375000001, 8.091277207, 8.29438189, 8.392647587, 8.551128683, 8.825714655999999, 8.32513749, 8.350595425, 8.248542110999999, 8.290732592, 8.602227544, 8.40018827, 8.525045756, 8.474486742, 8.305520469000001, 8.424903294, 8.322988336000002, 8.417616672000001, 8.111924593000001, 8.414182670999999, 8.466965286, 8.49333744, 8.230759974, 8.322610075, 8.621951359, 8.254123803, 8.56120927, 8.378566675, 8.497007732, 8.421064779, 8.395280652, 8.412311636, ]
32-17	9	[8.629279958, 8.587062586, 8.22066362, 8.428437337, 8.175275056, 8.66165007, 8.258346713, 8.235387765999999, 8.351061527, 8.464318975, 8.288999659, 8.468751739999998, 8.19110467, 8.187656322999999, 8.222419068999999, 8.197430143, 8.454102196000001, 8.286511527, 8.195689785, 8.298310415000001, 8.242364202, 8.572570578, 8.363853704, 8.187521524, 8.373163711, 8.593233957, 8.314457991000001, 8.414546973, 8.524438478, 8.285575079000001, 8.089912384, 8.376576081, 8.248522160999999, 8.106943517, 8.772395957, 8.482674237, 8.210599759, 8.31628441, 8.269609037999999, 8.646008847, ]
20-2	9	[7.894986976, 7.8105609970000005, 7.754133227, 8.213435938, 8.157807953, 7.894380242, 7.788498463, 7.557783573, 7.933292855, 7.759124967000001, 7.7049614459999995, 7.551129969000001, 7.943666177, 7.9122714300000005, 7.958314937, 7.856173124000001, 7.782779507000001, 7.981130423000001, 7.8400629859999995, 7.782825097, 7.9930145370000005, 7.837848418999999, 8.070287661, 7.7929573450000005, 8.100392591, 7.8041613320000005, 7.793370426999999, 7.7603264350000005, 7.958607595999999, 7.914152444, 7.840032123, 7.81723414, 7.591280358, 7.975431846000001, 8.081282523, 8.032109262999999, 8.06222018, 7.796111606, 7.972605264999999, 7.93781054, ]
15-26	5	[8.189204074, 8.551470124, 8.353559644999999, 8.108636582, 8.446824211, 8.405519298, 8.139414767, 8.110858526000001, 8.135496408, 8.138567735999999, 8.280440409999999, 8.371352912999999, 8.415524324, 8.169452332, 8.045917725, 8.114210907, 8.311704063, 8.115660913, 8.312261065000001, 8.179821125, 8.050352946, 8.534374776, 8.466811522, 8.374453220000001, 8.351852763, 8.180463127000001, 8.194918101999999, 8.172122993, 8.391523021, 8.271432687999999, 8.262607421999999, 8.399105534, 8.073816795, 8.340848837, 8.280770803, 8.306161056, 8.082653493999999, 8.101027268000001, 8.188817267, 8.241782527, ]
12-20	8	[5.01131245, 4.896203221, 4.8881453399999995, 4.96444044, 5.0251455279999995, 4.995182818, 4.834568481, 5.058550587999999, 5.145374899999999, 5.000575758, 5.079181447, 4.895158543, 5.077367778, 4.970963961, 4.9807312889999995, 5.2449307, 4.93171624, 5.012109758, 4.912335575, 5.122072693000001, 5.036754479, 4.907703932, 5.13254764, 4.963379678, 4.983966715, 4.995139920000001, 4.965075723, 5.012205846, 4.926561335, 5.011154548, 4.920964565, 4.929669973, 4.915572289, 5.086928076, 4.982258261, 4.973402668, 5.026617562999999, 4.9675089770000005, 5.043209749, 4.897365141, ]
6-23	6	[5.03248792, 5.063224397, 5.19353772, 5.055174689999999, 5.09288715, 5.077123975, 4.965774544, 5.142145230000001, 5.3399135630000005, 5.205043341, 5.081907096, 5.057227785, 5.243811743, 5.088114722, 5.053063285, 5.101316063, 5.187175728, 5.149373985, 5.005385263, 5.069117390000001, 5.089800613, 5.068656774, 5.063121334, 5.132740525, 5.3337431959999995, 5.02452421, 5.104173585000001, 5.071451384, 5.208852444, 5.156637649, 5.105199359999999, 5.068568243, 5.087053239, 5.155476697, 5.129075932999999, 5.23335565, 5.033473206, 5.063854241, 5.200362461, 5.121933937, ]
6-22	7	[5.066465990999999, 5.108740901, 5.1835897730000005, 5.115164107, 5.014195516, 5.045907322, 5.163850884, 5.141908988, 5.245075272, 4.960666929, 5.238680417, 5.17012604, 5.142076936, 5.630173535, 5.093650706, 5.183612181, 5.0311844059999995, 5.237633833, 5.11506963, 5.257130912, 5.098234664, 5.226347189, 5.568286439, 5.082751972, 5.21562913, 5.069515685, 5.072852765, 5.20467175, 5.059763193999999, 5.153288548, 5.217795047, 5.006043835, 5.0280117980000005, 5.250580166000001, 5.157721469, 5.1241343520000004, 5.3223132820000005, 5.123641783, 5.2513931760000006, 5.078290572999999, ]
6-21	7	[5.038871379, 5.092758557, 5.207439213, 5.015956710999999, 5.154730267000001, 5.0359273479999995, 5.207260537, 5.116261292, 5.163876689, 5.036832053, 5.0434265279999995, 5.020555302, 5.112203839999999, 5.093394471, 5.1119805650000005, 5.111008562, 5.085461276999999, 5.116307202, 5.115003585, 5.044241867, 5.053512434, 5.012632937999999, 5.138626671, 5.122388585, 5.089326558, 5.275493259, 5.251793705, 5.053983083, 5.838993852, 5.20841708, 5.0387162619999994, 5.018623411999999, 5.072890526999999, 5.127580434, 5.042065293, 5.1398814989999995, 5.25995013, 5.077232217, 5.1610820760000005, 5.058240380999999, ]
0-2	11	[8.348837124, 8.310545952, 8.216255092, 8.185283135, 8.231417703, 8.372571835, 8.355835546, 8.406281270000001, 8.012409438, 8.162390302, 8.248640688, 8.147243821, 8.238999264, 8.436346462, 8.236180494, 8.244605272, 8.152256743, 8.397558684, 8.260684898000001, 8.432002477, 8.336091122, 8.136656686, 8.286090997, 8.355502866, 8.026030832, 8.443557492, 8.130853759, 7.923787682, 8.489692768, 8.390552129000001, 8.351582375, 8.351033593, 8.3638628, 8.264990015, 8.277700215, 8.139261569999999, 8.370969442, 8.403164408999999, 8.250212727000001, 8.363966654, ]
