35-6	7	[5.253498791, 5.061873315, 5.062694015, 5.028203553, 5.237156361, 5.1976354559999995, 5.096064359, 5.125317585, 5.21382206, 5.004242244, 4.975103184, 4.99711594, 5.218437795, 5.179839919, 5.043116604, 5.0479511829999995, 5.020800101, 5.045756314, 5.15276994, 5.134097216000001, 5.179729191, 5.028109298, 5.112592628, 5.0538338529999995, 5.039043263, 4.9979012, 5.1308112139999995, 5.114300887, 4.989525726, 5.129880154, 4.960108965000001, 5.142510219, 5.0730291990000005, 5.079009833, 5.010684947, 5.021881108, 5.161703236, 5.029874188, 5.247105196, 5.135823637, ]
41-10	7	[8.214356295, 8.175889247999999, 8.450291184, 8.044947715, 8.259727859, 8.303092444, 8.286486748000002, 8.562600488000001, 8.166923661, 8.203432326, 8.074385723, 8.421751562999999, 8.333069508, 8.136741991000001, 8.802115429, 8.064757774, 8.143002699, 8.14827797, 8.415864784, 8.270613402, 8.298253224000002, 8.334790152, 8.107839126, 8.121425257, 8.27904375, 8.045939286, 8.110420839, 8.535121076000001, 8.327486797, 8.012068934999999, 8.203779762, 8.103820990000001, 8.270630226, 8.164623397, 8.136121138, 8.280602036, 8.206350279, 8.287587393999999, 8.177275361, 8.285191908, ]
34-11	7	[8.457713175, 8.205254136999999, 8.432980982, 8.572515756, 8.552858314, 8.458631669999999, 8.082894362, 8.564861332, 8.501464542999999, 8.402918900000001, 8.180850283, 8.18008567, 8.427509014, 8.241199551, 8.304707827, 8.174452108, 8.291579947999999, 8.321548736, 8.354424339, 8.361432266, 8.269784988, 8.056398295, 8.374595801, 8.810923431, 8.214942902999999, 8.163303187, 8.491922332, 8.306273534, 8.483992156, 8.548735983, 8.374603201, 8.049462966, 8.321246160000001, 8.383383208, 8.320496773, 8.095922108, 8.199227527, 8.148616737, 8.318704103, 8.886685709, ]
35-11	6	[8.433851465, 8.339612613, 8.371849518, 8.391252665000001, 8.194419051, 8.430715764, 8.243030695, 8.463977173, 8.353669539999999, 8.319932364, 8.474179288, 9.002857135, 8.224610007999999, 8.404159239, 8.320278905999999, 8.410710007, 8.503655569000001, 8.371848231, 8.162827834, 8.31121025, 8.368507262, 8.159346657, 8.362423426, 8.305805032, 8.604037368999998, 8.458128479, 8.439189087, 8.454488084000001, 8.301208489, 8.409540261, 8.655633778, 8.338134193999998, 8.32147745, 8.631487892, 8.472962791, 8.519771951, 8.135307637, 8.40212249, 8.639249534, 8.285456395, ]
36-17	8	[8.179764604999999, 8.232551288, 8.440480511999999, 8.239625839, 8.214571027, 8.421066578, 8.079558812, 8.102521663, 8.261887778, 8.1782862, 8.25674654, 8.270150678, 7.990964134999999, 8.110909003000002, 8.083118517, 8.064290197, 8.207129656, 8.081613433, 8.44422288, 8.49688824, 8.152341131, 8.120754469, 8.32260374, 8.004974194999999, 8.233489145, 8.960077013, 8.188476101, 8.141829271999999, 8.224979356999999, 8.154944469, 8.166494744000001, 8.033606049000001, 8.334437551, 8.227014635000002, 8.091517427, 8.159556013, 8.155492815999999, 8.159042904, 8.052069816, 8.190493566999999, ]
125-26	3	[8.074617583, 7.7986079870000005, 7.632730097, 7.554377703, 8.119191677, 7.6345007659999995, 7.643489281, 7.825005190000001, 7.688294125, 8.045618552, 7.5716423399999995, 8.024130043, 7.608649668, 7.489333849, 7.533502062, 7.610541571, 7.843759712, 7.693777440000001, 7.569298121999999, 7.846103293, 7.582815324999999, 7.918120281, 7.573653723, 7.568201635, 7.627403703, 7.526045684, 7.614960598, 7.747414817, 7.716116483, 7.597920075999999, 7.940763982, 7.5634942800000005, 7.557053708, 7.817759605000001, 7.532636944, 7.403677576, 7.582340728, 7.54504613, 7.366720770000001, 7.70911979, ]
125-25	3	[7.551547469, 7.611523721, 7.554422127, 7.615861452000001, 7.9707221829999995, 7.613236358, 8.063730459, 7.613428413, 7.833314838000001, 7.719581997, 8.64144765, 7.6158603099999995, 7.747309596, 7.989649268000001, 7.550313969, 7.539349553999999, 7.526004776, 7.923497491, 7.644099607999999, 7.586202419, 7.70838854, 7.458159004, 7.754047062000001, 7.853555317, 7.9057554660000005, 7.500233918, 7.637930755, 7.92746956, 7.737966245000001, 8.074245190000001, 7.650454994, 7.680772325, 7.521315603, 7.600726993, 7.672320760000001, 7.410194719000001, 7.734123983999999, 7.623555069, 7.75884997, 7.596082941, ]
126-0	6	[7.822771286, 8.357348579, 7.906751972, 7.757956977, 7.832897157, 7.715872497, 7.783151073, 8.019997685, 7.983543889, 7.870505629000001, 7.9153116930000005, 7.688182855999999, 7.747721273999999, 7.933170409999999, 8.360596828, 7.869008888999999, 7.738462514999999, 7.797207295, 7.682556729, 7.751860764, 8.300009249, 7.730018033000001, 7.829472183999999, 7.857998455, 7.685918921, 7.972733680999999, 7.806894257, 7.6365493550000005, 7.933406024, 7.787419491, 7.686758311, 7.771314224, 7.709009018, 7.778467592, 7.801534579000001, 7.641532549000001, 8.023175168, 7.645723818999999, 7.672836802999999, 7.782543688, ]
77-3	6	[8.148365989, 8.213987263, 8.233478874, 8.156910507000001, 8.399073569, 8.041646935, 8.223381471, 8.069718093, 8.095990558, 8.177377523, 8.176449443, 8.112751856, 8.317928211, 8.016608656, 7.978781184999999, 8.206091292, 8.273465042000002, 8.065705225, 8.186454173, 8.041302033, 8.200124061, 8.161519831000001, 8.262269549, 8.353125271000001, 8.245062288, 8.229119317, 8.072707666, 8.419206541000001, 8.061394952999999, 8.210687013, 8.339953033999999, 8.256243455, 8.006797622, 8.446923276000001, 8.295477651, 8.995540656, 8.33978279, 8.1762352, 8.338798431999999, 8.323027344, ]
95-5	4	[4.534879352000001, 4.540305867000001, 4.571610236, 4.4512238580000005, 4.486698978000001, 4.394398338, 4.410269319, 4.471082207, 4.447444457, 4.489623280999999, 4.447532175, 4.3818744, 4.42834095, 4.44215989, 4.496681424, 4.45941954, 4.697738217, 4.561253895, 4.466330859, 4.500552436, 4.490147466, 4.421156113, 4.565311226, 4.462022205999999, 4.446436681, 4.45519299, 4.493867793, 4.353107184, 4.46388459, 4.545306681, 4.577790264, 4.7590284, 4.676128255999999, 4.506634664, 4.444315050999999, 4.471474579000001, 4.473214415, 4.487747537000001, 4.456051319, 4.471940037, ]
82-2	8	[7.929164114, 7.864531567, 7.978262450000001, 7.900077559, 8.139002717, 8.113449614, 8.063808232000001, 7.809176831, 8.112735763, 7.999096163000001, 7.858823255, 7.771487296999999, 7.779758073000001, 8.175244687, 7.915301572, 7.946647468, 7.753629609000001, 7.870341986, 7.957467465999999, 7.912300809, 8.061849803000001, 8.030770704, 8.030667413, 7.8979700489999995, 7.885311315999999, 8.116558857000001, 8.044659135, 7.990503629999999, 7.972046950999999, 7.803256483999999, 8.007596289, 7.862603718999999, 7.873693191, 7.921200361, 7.906834914, 8.065725645, 7.994841526999999, 7.726110193, 7.8762205320000005, 8.009534712999999, ]
82-0	9	[8.00033627, 8.057086845, 7.821760191999999, 7.912300942000001, 7.829927024, 7.772754123, 7.913230142000001, 7.9377322029999995, 7.8669223090000004, 7.636751897, 7.984221331, 7.99059868, 8.166251069, 7.714012424000001, 7.832547785, 7.86967485, 7.964353533, 8.021767164, 8.086682589999999, 8.533208607999999, 7.880282845999999, 7.79183947, 8.346795387, 7.962152580999999, 8.085840848, 8.190653350000002, 7.765273409000001, 7.672128323999999, 7.915865965, 7.827523424000001, 7.800812795, 7.917510523999999, 7.839381531, 7.899995223, 8.142005412, 7.850316196, 7.737268799, 7.732561255, 8.20135194, 8.007256178999999, ]
77-31	3	[4.809351989, 4.907679902, 5.002176569, 4.883892453, 4.890223412, 4.99830139, 5.036388639, 5.1105032999999995, 4.87743871, 4.828285265, 4.957300475, 4.884701869, 4.945416262, 5.462302941, 4.9241626919999995, 4.942557859, 4.838926487, 4.950263625000001, 4.910494444, 4.936887961, 4.861268725, 5.0289974740000005, 4.8271800990000004, 5.047047261, 4.884822424999999, 4.816057168, 5.014468334, 4.929958816, 4.8512698279999995, 4.829937479, 4.866766533, 5.0189185599999995, 5.160677558, 4.867863254, 4.937301308, 4.910515114, 4.9893934380000005, 4.909021226, 5.0054652, 5.116199828, ]
75-21	5	[5.0050738159999995, 4.969772948, 4.907769613, 4.9666854559999996, 4.9079568909999995, 4.848130302, 4.979306689, 4.788087607, 4.962322136, 4.8838571260000005, 4.820536445999999, 4.828657413, 4.870919435999999, 4.970601665999999, 4.945882206, 5.0415886720000005, 4.922321572, 5.066637631, 4.852072854999999, 5.0410152109999995, 4.859180102, 4.871019744, 4.875569232, 4.889049527, 5.069388107, 4.933107581, 4.915915619, 4.882485545, 4.873190353, 4.878338299, 4.852626030000001, 4.9409707019999995, 4.932743929, 5.120219768, 4.844526191, 4.906980731, 5.047302965999999, 4.928966924, 4.9779371569999995, 4.865408278, ]
68-11	7	[8.308699369, 8.173172454, 8.327904733, 8.039443212, 8.208073077, 8.290840904, 8.301622766, 8.207397176, 8.283241952000001, 8.381445286, 8.290942957, 8.104893042, 8.314556054999999, 8.219190703, 8.305882141000001, 8.235720874, 8.469754882, 8.288671884000001, 7.9254366979999995, 8.283492191, 8.215407554, 8.532642609, 8.18631724, 8.154092998000001, 8.267903782000001, 8.200597463, 8.343443518, 8.275383875000001, 8.223194155, 8.312241576, 8.093188806, 8.650420967999999, 8.198080397, 8.203754449, 8.292346461000001, 8.069522893, 8.179294986999999, 8.632718245000001, 8.478763358, 8.355148903000002, ]
100-15	5	[4.890424481, 4.950071106, 5.045941332, 4.9306743299999996, 5.029605568999999, 4.927086953, 4.949878044, 4.947546265, 4.945546911, 4.892912284, 4.9194805839999995, 4.921219081, 4.916742705, 5.049111093, 4.883500206000001, 4.92075229, 4.889249269, 4.970094777, 4.964134737999999, 4.94325907, 4.961114764, 4.907496097999999, 4.972820789, 4.912320691, 4.968547568999999, 4.929218928, 4.910930823999999, 4.898466529, 4.976335801, 4.954234972, 4.966548316, 5.020274985, 5.054420929, 4.87615113, 5.135352079, 4.923225503, 4.905909386, 4.916799567, 4.992210918, 5.037938967, ]
66-30	6	[5.0641983800000006, 4.973309294, 5.1457458240000005, 4.97411876, 5.0274818340000005, 4.960221863, 4.8786879149999995, 4.977879507, 4.921084238, 4.909786799, 4.947769427, 4.95853531, 4.926572738, 4.984225971, 4.95752784, 4.965119, 5.007917469, 4.930924849, 4.961377038, 4.940933879, 4.932585635000001, 4.937965841, 4.951919851, 4.921361129, 4.887482897, 4.996165444000001, 4.881997306000001, 5.079262459000001, 4.964367953, 4.951288278, 4.94386991, 4.935803949, 4.878167958, 4.911763895, 4.924259760999999, 4.998088838, 5.117782872, 4.889912077, 4.822039821, 5.1386730819999995, ]
127-19	2	[7.680939219000001, 7.727986527, 7.615734263, 7.77626465, 7.603719645, 7.586101138, 8.123148518, 8.031037986, 7.49433772, 7.872712311, 7.6084028, 7.564634505, 7.585382825000001, 7.7281395989999995, 7.583277399, 7.545962794, 7.788834013, 8.022848235000001, 7.937333914000001, 7.585977534, 7.915250139000001, 7.5943410700000005, 7.6902556230000005, 7.9256784179999995, 7.555324917, 7.552919109, 7.556730474, 7.766341189, 7.906663362999999, 7.795616841, 7.769595668, 7.588590749000001, 7.749670771000001, 7.528063857, 7.6350037219999995, 7.433624054999999, 7.65483681, 7.574731062, 7.814462145999999, 7.667707516999999, ]
127-16	4	[7.7407938110000005, 8.092774502, 7.622828268, 7.74536206, 7.940540615, 7.628216323, 7.665516822, 7.551788244, 7.621337757, 7.962630805, 7.582229766999999, 8.071131979, 8.019779717, 7.627787285, 7.662639633, 7.6097069710000005, 7.595282561, 7.534762646999999, 7.465489637999999, 7.591118851, 7.931804204, 7.597279921, 7.638923398999999, 7.713926456, 7.8775388060000004, 7.695905862, 7.540669386, 7.713058942, 7.754423827, 7.736384168999999, 8.098391908, 7.599415911, 7.549493555, 7.736049193000001, 7.556927146, 7.633438598000001, 7.554392226, 7.541076544, 7.714017458000001, 7.6267692, ]
92-5	6	[4.408937807999999, 4.41336489, 4.512508887, 4.460856427, 4.543613605, 4.5952880359999995, 4.358533216, 4.592870874, 4.39718032, 4.49128769, 4.47838796, 4.43694058, 4.638298498999999, 4.431712480000001, 4.476586292, 4.437102083, 4.516830926, 4.461144527, 4.425724304, 4.512109432, 4.41660761, 4.65915086, 4.547323659, 4.43999168, 4.452769568, 4.55848279, 4.463170083, 4.502798307, 4.4603811030000005, 4.443413582, 4.433394776, 4.630144753, 4.4379318539999995, 4.435158217, 4.475360391, 4.538722867, 4.438118901, 4.609478277, 4.423830135, 4.429736639, ]
91-30	3	[4.3809404359999995, 4.659649383, 4.433810695999999, 4.425504095, 4.398576875, 4.438450568, 4.430206961, 4.4578498490000005, 4.399202303999999, 4.442817799999999, 4.457996707, 4.433565555, 4.425196701, 4.422841553, 4.534346185, 4.36787773, 4.415311259, 4.409016655, 4.4258101850000005, 4.33627306, 4.5432840269999994, 4.47684914, 4.516494204000001, 4.515541359, 4.370448594, 4.378893605, 4.613302943, 4.446444239, 4.375372511, 4.48171727, 4.440397949, 4.4059537980000005, 4.522840081999999, 4.478069814, 4.494017619, 4.412552331, 4.3585940690000005, 4.432125277000001, 4.458091852, 4.4464520169999995, ]
109-31	2	[4.819716392, 4.869243603, 4.945888374, 4.90159023, 4.854207971999999, 4.9832165779999995, 4.931495614, 4.915741972, 4.891579114000001, 4.944503106, 4.931051643, 4.908355213999999, 5.052870125, 4.89783568, 4.995938117000001, 4.811617731, 4.938887386, 4.97973605, 4.847443695000001, 4.835090334999999, 4.863086694, 5.013499252, 4.923053009, 4.78019459, 4.930319579000001, 5.087879077, 4.828565622999999, 4.85075203, 4.905161279, 4.863741458, 5.046860395, 4.942277934, 4.878860968, 4.946236749, 4.941406783, 4.921388261000001, 4.940230585, 4.917658302, 4.956651308, 4.895485934000001, ]
100-29	5	[4.935968852999999, 4.964006626000001, 4.997904155, 4.941019211, 4.960913979, 4.992723901, 5.093272954, 4.942310155, 4.941448823, 4.973949425, 4.952852835, 4.9446996720000005, 4.972966126, 5.122151016999999, 5.154142290999999, 4.947733341, 4.903998364, 4.9509305139999995, 4.963684355, 5.039638946, 4.968228242, 5.074413358, 4.996708715, 4.915371978, 5.03904756, 5.038373121, 4.870373455, 5.041107617, 4.893693371, 4.875888960999999, 4.896789952, 5.075047544, 5.001286231, 4.888474842, 5.113804924, 4.946693154999999, 5.1530224559999995, 4.880711515, 5.012440327999999, 4.9428161280000005, ]
84-4	8	[4.554478417, 4.531184881, 4.606231007, 4.63472713, 4.6066042000000005, 4.770352078999999, 4.6152753109999995, 4.648808584999999, 4.583891169, 4.608581322, 4.621450291, 4.702242421, 4.619899727000001, 4.877988896, 4.605000939, 4.547962356, 4.544800123, 4.66291464, 4.591296385000001, 4.521385334, 4.564037472, 4.565361825, 4.695779697, 4.543234171, 4.600177539000001, 4.717319745, 4.646442781, 4.557659922, 4.583614093, 4.5853250370000005, 4.562595507, 4.6092736080000005, 4.734338455, 4.661761092, 4.762220720999999, 4.5448209429999995, 4.609687421, 4.5018124440000005, 4.592821304999999, 4.561676792999999, ]
79-11	4	[8.123109093, 8.140962238999998, 8.333101562000001, 7.942210362, 8.252480004, 8.312258126, 7.9035291590000005, 8.141061579, 8.101405571, 8.229113617000001, 8.106275596000001, 8.115994088, 8.190343937, 8.181539039, 8.107558945, 8.143748715000001, 8.392018383, 8.142250902, 8.740355395, 8.386133195000001, 8.347810455, 8.245609103, 8.274169574, 8.244460679000001, 8.118616969, 8.347938433, 8.150902223000001, 8.052378528, 8.159736792999999, 8.154726723, 8.335695739, 8.229905342, 8.163608191, 8.388002476, 7.980227246999999, 8.094158856, 8.277778603, 8.178365758, 8.342829363, 8.17983873, ]
79-8	6	[8.441472131, 8.300406698000002, 8.088935913, 8.834284342, 8.207887213, 8.071208313, 8.089163441, 8.359551485999999, 8.065626671, 8.343248317999999, 8.153978367, 8.235310824, 8.266950463, 8.181873624000001, 8.157796866, 8.122817542, 8.233975208, 8.185936252, 8.267154174, 8.058375632999999, 8.039911112999999, 8.258034106999999, 8.275057714999999, 8.326361702, 8.342310170000001, 8.252377741, 8.226756867, 8.105239665000001, 8.185358121, 8.501510489, 8.725693118, 8.448820828, 8.329616257, 8.257280991, 8.204746728, 8.185331569, 8.131116202, 8.103701559000001, 8.014869791, 8.368734653, ]
75-0	8	[8.159265458999998, 8.093358959, 8.235969907, 8.088471241999999, 7.955013228, 8.180178003, 8.451651432, 8.24799655, 8.284018391, 8.156989392, 8.725543699, 8.507186345000001, 8.190432716, 8.60625048, 8.142238862, 8.109449651, 8.14481524, 8.31520079, 8.154145955999999, 8.218522875, 8.118060048, 8.180774647, 8.055264765, 8.251900895999999, 8.071286798000001, 8.316999929, 8.124666305, 8.001092528000001, 8.605318469, 8.327226064, 8.254509129999999, 8.379736673, 8.081700609, 8.309826399999999, 8.161117701, 8.386725594000001, 8.164765108, 8.232300819, 8.354846345999999, 8.146832727, ]
80-23	6	[4.521842211, 4.621549188, 4.627290963, 4.509598188, 4.58677448, 4.678610314, 4.696431291000001, 4.609350301, 4.555546711, 4.58469092, 4.589717389, 4.564775394000001, 4.495937735, 4.558702419, 4.666909307, 4.7172115869999995, 4.51963014, 4.484751966, 4.625051902, 4.581573493, 4.560052782, 4.53886527, 4.602957521, 4.561818674, 4.487567008, 4.535885795, 4.464196596, 4.569194277, 4.536536204, 4.546924215000001, 4.517925147, 4.786720658, 4.637745117, 4.505009337, 4.5534965629999995, 4.587586311, 4.666837127, 4.564743187, 4.601607359, 4.530634485, ]
76-0	9	[8.180596157, 8.225776538, 8.214440435, 8.057246604, 8.318455039, 8.339233004999999, 7.983851118, 8.268312414, 8.155563256, 7.955919774000001, 8.304347822, 8.139393316, 8.159326554, 8.141758038999999, 8.133689949, 8.228132292, 8.074240007, 8.133103001, 8.029534271000001, 8.185219221999999, 8.056798673, 8.12368728, 8.167360767, 8.264110731999999, 8.385179368000001, 8.014370516, 8.001946697, 8.082479834, 8.308262641, 8.038770445, 8.195877956999999, 8.000275081, 8.190108707, 8.084162312, 8.409245624, 7.922954206, 8.202579496999999, 8.145921821, 8.760878788, 8.260363112, ]
116-17	6	[8.151730279999999, 7.808835295000001, 7.799481375999999, 7.769195384, 7.854408470999999, 7.857005034, 7.7072429819999995, 7.782711822, 8.132040436, 7.768789796000001, 7.7854200669999996, 7.931087698000001, 8.047690208, 7.750541128999999, 8.258436641, 7.784316820999999, 7.757028079, 7.741289222, 7.874212184, 7.724654361, 7.7508907670000005, 7.612445328, 7.814212116, 7.634354825, 7.629477921, 7.748492868, 8.348260029999999, 7.888280582, 7.754503815999999, 7.845630401999999, 7.727080698, 7.761229614, 7.744195372000001, 7.758672742, 8.016190702, 7.727773583, 7.743947240000001, 7.688069240999999, 7.773021155, 7.760654822999999, ]
116-12	6	[4.713265086, 4.503816157, 4.633160505, 4.5002944110000005, 4.620490335, 4.539892908000001, 4.581134826, 4.690087904, 4.526920303, 4.528986522, 4.619234127, 4.669247303000001, 4.659727733, 4.6342582409999995, 4.484780046000001, 4.559290259, 4.710297584, 4.505716702, 4.6968924869999995, 4.564237014, 4.559925435, 4.5522010790000005, 4.57783599, 4.509135036, 4.531240171, 4.509146852000001, 4.542481027, 4.66484204, 4.536034132, 4.720506721, 4.5428710169999995, 4.572933579000001, 4.724206207, 4.773615189, 4.537737612, 4.549194487, 4.793649689, 4.5173534449999995, 4.731308186, 4.582927503, ]
105-24	6	[8.051482167, 8.140313784, 8.116553082, 8.631965897, 8.196810778000001, 8.04476864, 7.890899932000001, 8.177301145000001, 8.152682403, 8.081070246, 8.007152254000001, 8.313243025, 8.491245322000001, 8.045729607, 8.163156334, 7.907886523, 8.455930094, 8.379922924999999, 8.427960891, 8.131180299999999, 8.019670616, 8.062183549, 8.27440253, 8.297642199999999, 8.0193809, 8.022957137999999, 8.34273438, 7.997344206999999, 8.073415597, 8.572414390999999, 8.074148307000002, 8.024335699000002, 8.049426898, 8.178088450999999, 8.397211943, 8.232920638, 8.00828365, 8.008931574, 8.0755205, 8.047472841, ]
70-2	8	[8.609292541, 8.297433697, 8.125926345000002, 8.219547807000001, 8.554483891, 8.390043681, 8.103366594, 8.369450169, 8.347519078000001, 8.216239027, 8.31075519, 8.293658135, 8.361110828, 8.261332739, 8.317792591, 8.117235749, 8.089790668, 8.429257652999999, 8.1080186, 8.267604180000001, 8.449540775000001, 8.046530392, 8.363548616, 8.490092402, 8.424566387, 8.476142624, 8.288934469, 8.428091329, 8.030615041999999, 8.168083276, 8.438041094, 8.375735544, 8.228448961, 8.173297224999999, 8.307647783, 8.556640652, 8.239511368, 8.327592621, 8.484961721, 8.357189888, ]
126-31	1	[4.510587322, 4.3881453839999995, 4.425181734, 4.353964984, 4.339896261, 4.4685721240000005, 4.377245749, 4.448942263999999, 4.400804404, 4.333549867, 4.387737689, 4.699634363, 4.586781734, 4.439111311, 4.444229072000001, 4.374469109, 4.357701541, 4.439065675, 4.494865968, 4.3838749990000005, 4.395832292, 4.4224172489999996, 4.392860416, 4.504682218, 4.346974324, 4.47902624, 4.392801604000001, 4.666052701, 4.48494174, 4.497044223, 4.469611849, 4.391197931, 4.460518101, 4.402282159, 4.509221181, 4.471998222, 4.448406446, 4.365393946999999, 4.423236435000001, 4.517226195, ]
98-16	8	[8.213260319000002, 8.072398442999999, 8.041248609, 8.165824785, 8.101795647000001, 7.997352247, 7.993518763999999, 8.175583672, 8.395975153, 8.078386258, 8.074075822, 8.258973412000001, 8.072568783, 8.08137582, 8.202022117, 8.227755604999999, 8.093620766, 8.115840455, 8.056210577, 8.52905344, 8.193863675000001, 8.28847581, 8.302205727999999, 8.145108786, 7.988386279999999, 8.217473417, 8.308073772, 8.019359825, 8.092544855, 8.302264071, 8.109370292, 8.233111715, 8.102616016999999, 8.379204932, 8.260956084999998, 8.269915304, 8.144418411999998, 8.070674841999999, 8.475220156999999, 8.277508989, ]
86-7	5	[4.716584463, 4.575468852, 4.739410475, 4.624364882, 4.798692457, 4.554380302999999, 4.572136136, 4.609313639000001, 4.502184995, 4.52631501, 4.7486168939999995, 4.634099858, 4.582636025999999, 4.629996646, 4.5486361660000005, 4.5657652330000005, 4.634781877, 4.644410641, 4.667550520000001, 4.578068117, 4.702187396999999, 4.586005162999999, 4.615790115999999, 4.562905561, 4.502848001, 4.728144842, 4.627720557, 4.536164632999999, 4.609756138, 4.580352911, 4.672451718, 4.514965288, 4.810103555, 4.590232056, 4.542889467, 4.6014887799999995, 4.599911597, 4.559084317, 4.570599686, 4.498563839, ]
86-0	8	[7.883283443, 8.050697088, 7.923692601, 7.951566489000001, 7.836138242, 7.9809511120000005, 8.046298293000001, 7.890465529000001, 7.888557714, 7.948978783, 7.902152904, 8.119593499, 7.726908427, 7.7887278129999995, 8.136099873000001, 7.958113155, 7.689221043000001, 8.462887067999999, 8.030854631999999, 7.720257999, 7.664107325999999, 7.858194361, 7.931874616, 7.838427358, 7.961268523, 7.7737302360000005, 7.869638425, 7.9453874529999995, 7.902030713, 7.9078576940000005, 7.9147202309999996, 7.916462880999999, 7.996829561, 7.974310751000001, 7.905238774000001, 8.064071652, 7.985038127999999, 7.991925898999999, 7.922280129, 7.87867201, ]
119-19	3	[7.707371981, 7.631594883, 8.047868164, 7.7000386469999995, 7.517184843000001, 8.122014299, 8.126011652999999, 8.23510273, 7.76069365, 7.772530884000001, 7.760768669999999, 7.658328083000001, 7.620575974, 8.204853461, 7.884689290999999, 7.778835803000001, 7.728356625, 8.260343146, 7.718086041, 7.654413003999999, 7.768908784000001, 7.738629885999999, 7.794970665999999, 7.680749723000001, 7.90124477, 7.726649805, 7.817293256999999, 7.7108005870000005, 7.748394418999999, 8.57548135, 7.639170755, 7.718558466000001, 7.782449733999999, 7.859738548, 7.880803497, 7.6674716290000005, 7.690906103, 7.76564374, 7.8212405799999996, 7.599547088, ]
112-22	6	[4.557541367, 4.596416531, 4.56070422, 4.513099988, 4.495230722, 4.623672003, 4.593632, 4.623834408, 4.591187563, 4.511676909, 4.5589285539999995, 4.62641394, 4.666347673, 4.508094236000001, 4.61951788, 4.5972853879999995, 4.534101572, 4.551813488, 4.558994622, 4.579775368, 4.619766491, 4.5515883089999996, 4.597894458000001, 4.582640451, 4.5770333690000005, 4.686673987, 4.630842737, 4.585892303, 4.546246296, 4.633222624, 4.589110466, 5.0340479689999995, 4.547274126, 4.6267889, 4.609784305, 4.572867156000001, 4.531656182, 4.5776663520000005, 4.569926157, 4.555929439, ]
112-21	6	[4.552065321000001, 4.686941879, 4.581672184, 4.714266962, 4.595672788, 4.598132943, 4.747598302, 4.598090967999999, 4.568934521, 4.629814763, 4.752614338, 4.603337249, 4.507512945999999, 4.581020709, 4.5836994529999995, 4.684686228, 4.548942525999999, 4.5757403619999995, 4.532628562999999, 4.578945395, 4.552416634, 4.577518886, 4.603553975, 4.570195415000001, 4.604250322, 4.6145035000000005, 4.507317936, 4.550567202, 4.525664117000001, 4.58729769, 4.4917076840000005, 4.697521868000001, 4.554614478, 4.561029427, 4.498474227, 4.646499024, 4.648525466000001, 4.589888851, 4.6283878529999996, 4.706203301, ]
109-4	6	[4.890728161, 4.965427698999999, 4.928200992, 4.892569883, 4.948681765000001, 4.913847326000001, 4.88147659, 4.922697178, 4.996420066, 4.945923493, 5.006470003, 4.945019533, 4.934708132, 4.941762831, 4.906442158, 4.858504867, 4.9416482749999995, 4.991052466, 4.931074357, 4.906352483, 5.110783177, 5.094399352, 4.9844344089999995, 5.111766319, 4.908775073, 4.981047147, 5.009102555, 4.855937201, 4.841111501, 5.117772518000001, 5.038345898, 5.01032152, 5.030281582, 4.887097349, 4.938862676, 4.8479225690000005, 4.8635667950000006, 4.933882220999999, 4.989743166, 4.911947422, ]
96-26	7	[8.537658036, 8.279984792, 8.019814869, 8.158850733, 8.563899751, 8.241867985999999, 7.9264629079999995, 8.257093357999999, 8.163644083000001, 8.091016048, 8.20519775, 8.429736784000001, 8.137789765, 8.116010628, 8.194733170000001, 8.313530427, 8.047816825, 8.036421345, 8.145373974, 8.018752684, 8.006079949, 8.096416969, 8.178818935, 8.547785793, 8.192153423, 8.202040954, 8.546758021, 8.163801582, 8.128201466, 7.936600447, 8.393679658, 8.266320503, 8.087942637, 8.125232343, 8.239696414, 8.086369503, 8.179945189, 8.195330118, 8.172749645, 8.502821314, ]
96-25	7	[8.059232277000001, 8.048711449, 8.249061182, 7.995062002999999, 8.251464704, 8.020712032, 8.255704833000001, 8.436291863, 8.012911471999999, 8.128218956, 8.171890884, 8.034765966999998, 8.175508916, 8.215788667, 8.109069064, 8.200407894000001, 8.040762471, 8.122234406999999, 8.011213452, 8.144663272999999, 8.225385697, 8.642646421, 8.141386575, 8.019582339, 8.288839804999999, 8.154273203, 8.311127288, 8.169909788, 7.974423417, 8.54322069, 8.037915392, 8.128398298, 8.508498866, 8.118321021, 8.292244526000001, 8.110774752000001, 8.022697819, 8.278472156, 8.247572630999999, 8.170868330000001, ]
96-20	8	[4.932696129, 5.016260346, 5.0679642430000005, 4.925912203999999, 5.107158817, 4.941196672, 4.92507834, 4.940190844000001, 4.959594148, 4.960515569, 4.970121175999999, 4.937634101, 4.915071395999999, 4.938364357, 4.904341392, 4.921710204, 4.944442354, 4.950337258, 4.891158471000001, 5.149347058, 5.06678334, 4.99990145, 4.985662131000001, 4.952981917, 4.989621994, 4.9950982360000005, 5.028111453, 4.926337826999999, 4.9964827089999995, 4.939426558, 4.8850127599999995, 4.901854955, 4.9613299500000005, 4.964551343, 4.888841233, 5.006620537, 4.982484734, 5.105954516, 4.942953331, 4.9317833769999995, ]
91-25	4	[7.687835008, 8.140997612000001, 7.560233264000001, 7.57496524, 7.557616283, 7.518126519, 7.622315127, 7.730726298, 7.6741698000000005, 7.524502646, 7.990406903, 7.929242724000001, 7.563298731, 7.664779793, 7.559540591, 7.410357975999999, 7.60769086, 7.910020074999999, 8.386479016000001, 7.6694325260000005, 8.531330494999999, 7.506079092, 7.741793008999999, 8.117771041, 7.988679108, 7.804117980000001, 7.670245588, 7.700556987000001, 7.623621845, 7.57915147, 8.023324479, 7.551824651, 7.598810152, 7.729537260999999, 7.699926988, 7.710117296, 7.731531193, 7.610073104, 7.711391408, 7.608187717, ]
79-18	5	[8.400508688, 8.19970243, 8.178198237, 8.169360544, 8.02662662, 8.0232281, 8.016310097000002, 8.195346263000001, 7.967974625000001, 8.186339857, 8.431228293, 8.033138266, 8.219596027, 8.51904554, 8.038891675999999, 8.206670179, 8.03476872, 8.492204808, 8.001965992, 7.990807865000001, 8.156246241, 8.738368171, 8.126836027, 8.113761119000001, 8.080015006, 8.007145382, 8.046035557, 7.988869166999999, 8.110021251, 7.959209022, 8.113820274, 8.614067705, 8.350142906, 8.149085824, 8.044937946, 8.045565178, 8.083924048, 8.140818356999999, 8.068937551000001, 8.075388106999998, ]
79-15	3	[4.840380956000001, 5.001739096, 4.902704581, 5.074569036, 4.9587226620000004, 4.928130436, 4.847129649999999, 4.805176679, 4.901702588, 5.179367637, 4.859579552, 4.918551232, 4.833549398, 4.881000734000001, 4.916783115, 4.911490132, 4.839180923, 4.85092212, 4.972337361999999, 4.933328363, 4.9050186039999994, 5.069514014, 4.990487855, 4.931956081, 4.9434514620000005, 4.821146222, 4.855210351, 5.227035834, 4.910185298999999, 5.07722504, 4.891762245, 4.920190142, 4.909415249, 4.886723095, 4.828367279, 4.940819364, 4.972516433, 4.919740514, 4.808821920000001, 4.948909631, ]
71-31	3	[5.0718915540000005, 5.019272327, 5.083829690999999, 5.161739277, 5.033045908, 4.988735753, 5.045426421, 5.176564449000001, 4.966024974, 5.037894728, 5.009481193, 5.041856532000001, 5.057665095, 5.058283250000001, 4.990384231, 5.011582781, 4.965419513, 5.056152351, 5.013938400000001, 5.076068109, 5.029729493, 5.0616270519999995, 5.1024854710000005, 5.032291134, 4.895894254000001, 5.140031518, 5.010948618, 5.066330499, 5.134431218, 4.987763417999999, 5.168649308, 5.064970581, 4.987491153000001, 5.016223387, 5.095346234, 5.008149915000001, 5.3510527219999995, 5.0218044090000005, 5.234325507, 4.983231825, ]
125-6	4	[4.497760576, 4.471311396, 4.3975628350000004, 4.549233741, 4.375342256000001, 4.360929019, 4.371558846, 4.426018803, 4.637285115, 4.495077401, 4.432134047, 4.456150172, 4.506837968, 4.584644195, 4.457514203, 4.447013538, 4.395176859, 4.528650119, 4.398925847, 4.5443943749999995, 4.493907301999999, 4.348122675, 4.389733078, 4.497318148, 4.404672736999999, 4.462693895, 4.6529011, 4.427168141999999, 4.475438543999999, 4.39371299, 4.316901270000001, 4.414388485, 4.453941349, 4.361075778, 4.385684954, 4.363970886, 4.490184832, 4.474089603, 4.376972399, 4.388008179, ]
125-3	4	[7.657796615, 7.824099721, 7.971475352, 7.659126917, 7.794228628999999, 7.775115103000001, 7.696550418999999, 7.941962070000001, 8.064549545, 8.070046636, 8.007057454, 7.649751934, 7.432150470000001, 7.890255888, 7.999207658, 7.9584133690000005, 7.871713746, 7.7591757349999995, 7.641844624, 7.829049789999999, 7.849512703, 7.742095438999999, 8.043618808, 7.833002215, 7.780690828999999, 7.713490869, 7.7628456869999996, 7.684045995, 7.807983323000001, 7.932840341, 7.639525347, 7.8410189820000005, 7.739909722, 7.829561952000001, 7.6324621509999995, 7.948851186000001, 7.638563317, 7.728622862, 7.708493414, 7.588180754000001, ]
117-21	4	[4.590402073, 4.648399827, 4.670019537, 4.570932191, 4.717430075, 4.605533877000001, 4.6067057469999995, 4.610392837, 4.554701861, 4.528205213000001, 4.533458654, 4.697416989, 4.665819037, 4.620892995, 4.560628593000001, 4.617412878, 4.56160585, 4.789842266, 4.5611954599999995, 4.542388286, 4.557602941, 4.5636928679999995, 4.556638293, 4.569930119, 4.565615242000001, 4.6136059760000006, 4.6131077000000005, 4.464538696, 4.63712387, 4.598308230000001, 5.05773503, 4.596503553, 4.592281142, 4.61340159, 4.681313048, 4.61612736, 4.544667876, 4.510219086, 4.552162131, 4.5132015999999995, ]
102-20	6	[5.289860718, 4.967957998999999, 5.012457479, 4.982678516, 4.972973953, 4.929714447, 5.073318276, 5.013883176, 5.01947016, 4.974016991, 4.924956676, 4.9155154969999995, 5.321388485, 4.962811111000001, 5.063683243, 5.089010312999999, 4.988939477, 5.053255088, 5.141825599, 4.929758002, 4.970948588, 4.871111990999999, 4.896587378, 4.98970983, 4.976085114, 5.085532764, 4.989319606, 4.90305434, 4.933543887, 4.936293534, 5.001196065, 4.933588433000001, 4.972272318, 4.945418459, 4.963174373, 4.914264760999999, 5.052755371, 5.027760505000001, 4.968221314, 5.015684192, ]
77-18	6	[8.084485589, 8.026460650999999, 8.403305557000001, 7.9755305540000005, 8.246968638, 8.055891742, 8.137511276, 8.171158438, 8.150129798, 8.117448352, 8.546491873, 8.119954631999999, 8.181907251, 8.136530652000001, 8.130761191, 7.969127834, 8.137833019999999, 8.180353197, 8.079961302000001, 8.535355854, 7.966117828000001, 8.166732019000001, 8.121960602, 7.969060358999999, 8.155300048, 8.106826555000001, 8.09380974, 8.178155873, 7.939118845, 8.009367077, 8.786574247, 8.174358925, 8.298626936, 8.081748729000001, 7.998213028000001, 7.984051408999999, 8.026305696000001, 7.900849246000001, 8.132872179, 7.981261324999999, ]
67-10	7	[8.38964732, 8.558912023, 8.486616261, 8.41644093, 8.434868605, 8.325432573, 8.455503868000001, 8.415562871, 8.379874107000001, 8.393552228999999, 8.35367462, 8.485770703, 8.528824274, 8.418761446, 8.276420299, 8.447095056, 8.510884995, 8.242138971, 8.212882654000001, 8.651627818, 8.520788026, 8.623872061, 8.389793951, 8.493376360000001, 8.584998366, 8.590910932, 8.340830841999999, 8.327690721, 8.390899095, 8.342891988, 8.202594879000001, 9.209038133, 8.329816532999999, 8.560141980000001, 8.376892068, 8.711251809, 8.205944719, 8.52791179, 8.48119343, 8.088129203, ]
60-0	8	[7.564402659000001, 7.548252014, 7.905495563000001, 7.785417258, 7.780728044, 8.252736142, 7.706700099000001, 7.932730848, 7.690645563, 7.703555844, 7.929490842, 7.926572492, 8.094119541, 8.133073844, 7.682505979, 7.7334688190000005, 7.686418665, 7.8569138160000005, 7.720347844, 7.707934507, 7.793204577, 8.537230157, 7.781238472999999, 7.770228324999999, 7.994293197999999, 7.7175032969999995, 7.916806374999999, 7.526556082, 7.751916556, 8.287112536, 7.448174598, 7.785788137999999, 7.806163761999999, 7.688228118, 8.061234429, 7.7957004009999995, 7.4800474690000005, 7.795370397999999, 8.042148797, 7.6493200020000005, ]
104-6	7	[4.764944884999999, 4.780798752, 4.8251038799999995, 4.790056964000001, 5.430493712, 4.775507088, 4.873761724, 4.781149474, 4.848194494, 4.822020646, 4.804638047, 4.905168709, 4.834564263, 5.229758516, 4.833240054, 4.714264636999999, 4.81655783, 4.780322183, 4.985359835, 4.8246832, 4.760458784000001, 4.828683071, 4.7999918180000005, 4.8075994, 4.872035316, 4.787293071000001, 4.836870115, 4.777219993, 4.768870236, 4.908000514, 4.812820911, 4.973097135, 4.831847506, 4.7685533840000005, 4.86672067, 4.837672996, 4.86777251, 4.870622293, 4.912037917, 4.845646711, ]
110-18	5	[8.023584784999999, 8.033463505, 8.169595317999999, 7.954946757, 8.374738709, 7.915900931, 8.008385342, 8.079140384, 8.021240489, 8.253056876, 7.8898057900000005, 9.077072314999999, 8.004353623, 8.360451408000001, 8.243915752, 7.951548226, 7.9374282549999995, 7.897841947000001, 8.522184327, 7.925379239, 8.02119647, 7.987600393, 8.010292104, 8.125797149999999, 8.032593196, 8.033948582, 8.344494624, 8.099370664, 8.369942799, 7.927283936, 8.278349193, 8.063843841, 8.347528843, 8.265677833, 8.055497081999999, 8.118561607, 7.89937208, 8.469020436000001, 7.882784632000001, 8.033183724, ]
110-11	4	[7.926626957999999, 7.857834051000001, 8.177527387000001, 8.345007125, 8.279730296, 8.266560302, 8.134524011, 8.266594768000001, 8.079381380000001, 8.074669131, 8.11043075, 8.193629181, 8.161460951999999, 8.271634349000001, 8.115909458, 8.133017697, 8.229651767, 8.271709562, 8.10512793, 8.395922089, 7.903689256, 7.966352229, 8.108971641, 8.07475777, 8.185410366000001, 7.961708093, 7.995612958999999, 8.571717788, 8.231607336, 8.150695593, 8.167047639, 8.388441867000001, 8.065608179, 8.374473116, 7.996520671000001, 8.362979749, 8.156986304999998, 8.299114896999999, 8.665123318, 7.959302133, ]
87-29	3	[4.642809245, 4.618166779, 4.520127787, 4.550644414, 4.669708146, 4.530162323, 4.594055395, 4.539521981, 4.656498765, 4.56745341, 4.6066077739999995, 4.55310536, 4.843241023, 4.5697125430000005, 4.500311784, 4.512543607, 4.504007576, 4.572232432, 4.45642833, 4.537704424999999, 4.648977867, 4.726684166, 4.539687584, 4.539988364, 4.575568899, 4.5578097, 4.5100168499999995, 4.602551806, 4.700008416, 4.548000845, 4.576426827000001, 4.564383244, 4.739999995, 4.597635723, 4.624965121, 4.600695722999999, 4.561185034, 4.733849214, 4.541084569000001, 4.54311996, ]
80-19	7	[7.76415784, 7.796842240999999, 7.722481247999999, 7.7201966660000005, 7.743441004, 7.669021629, 7.707430406, 7.814671820000001, 7.732086204, 7.789322513999999, 7.671275407, 7.595566217, 7.877047998, 7.954123107999999, 7.801031908000001, 7.914499706, 7.825069537999999, 7.855393318999999, 7.74214457, 7.84137904, 7.837454984, 7.783072023000001, 7.805995111, 7.800337676, 7.774410173000001, 7.742416088999999, 7.669994489, 8.098054781, 7.83780998, 8.126024286, 7.9736466969999995, 7.7244924489999995, 7.829865313, 7.824949608000001, 7.786377879000001, 7.779450542, 7.811882362, 8.07668198, 7.61584949, 7.516325807, ]
80-10	8	[7.7416605259999995, 7.8054534250000005, 7.678704117, 7.910236412, 7.991012429, 7.9072807240000005, 8.041563747, 7.977505022000001, 8.140150853, 7.730745270999999, 7.681729531999999, 7.7994382689999995, 7.941621726, 7.935110904000001, 7.909115526999999, 7.893840073000001, 7.7613031050000005, 8.254337976999999, 8.199804132999999, 7.858839365, 7.857513563, 7.915111426999999, 7.856058558999999, 7.75619484, 8.076282289, 7.9105857550000005, 7.832781716, 8.551530453, 7.801679309000001, 7.855957151999999, 7.948174873000001, 7.814990796000001, 7.869484722999999, 7.722111711, 8.006949022999999, 8.019257048, 7.986526704, 7.658839445, 7.9994672399999995, 7.955824244, ]
59-9	5	[7.83546662, 7.633815175, 7.623171210000001, 7.801783014000001, 7.897789476000001, 7.9020332710000005, 7.715993705000001, 7.8637287549999995, 7.861175529, 7.821005870999999, 7.72523951, 7.819737545, 7.754494717, 7.727825204999999, 7.707552867, 7.774491938000001, 7.882120404, 7.9508775819999995, 7.765461993, 7.956321808, 7.6678168730000005, 7.7568918060000005, 7.707609712000001, 7.657652506000001, 7.726057135, 7.777834609999999, 7.759198179999999, 8.346709861999999, 7.730509275, 8.108885867, 7.821298192, 8.131555537999999, 7.722397145, 7.980186337999999, 7.641753833999999, 7.881178069999999, 7.75100924, 7.845713644, 8.271830382000001, 8.033136641, ]
121-26	4	[7.559663654, 7.651633849, 7.706500645999999, 8.030235349, 7.731957899000001, 7.728874865000001, 7.748912148, 7.6106018209999995, 7.780211627000001, 7.638522662000001, 7.6096782, 7.7110868450000005, 7.630724743, 8.100219114000001, 7.555303947, 7.599548938, 8.007228059, 7.696082468, 8.006234418, 7.9205353380000005, 7.747205555000001, 7.674955835999999, 7.8065049250000005, 7.4455315660000005, 7.49479154, 7.402656501, 7.583535963, 7.615496559, 7.5424958669999995, 7.612141352, 7.87541631, 7.588913486, 7.870046799, 7.546843785, 7.711342329, 7.759465561999999, 7.635708080000001, 7.740405425, 7.545833579, 7.648586948, ]
121-20	5	[4.490508012, 4.397145851, 4.484751315, 4.490391836, 4.4817185010000005, 4.477584344, 4.612998207, 4.479566438, 4.43426662, 4.390516203, 4.634193936, 4.418993959000001, 4.522024648, 4.49286612, 4.569595651, 4.433147688, 4.493989668, 4.447447546, 4.580849013, 4.584422525, 4.424599162, 4.509910469, 4.349726221, 4.468074280000001, 4.363300292, 4.460495713, 4.442268914, 4.425116896, 4.443193635, 4.472507080000001, 4.455205921999999, 4.438426839, 4.460823209, 4.392213952, 4.455374303, 4.639299768999999, 4.633710373, 4.439998588, 4.460093555, 4.453344318, ]
92-15	4	[4.539107175, 4.474585665999999, 4.450514882999999, 4.54051725, 4.457677151, 4.441120071, 4.367940916, 4.366448231, 4.441997559, 4.383616217999999, 4.365918242, 4.524499296, 4.3703641, 4.43947015, 4.394426934, 4.41526392, 4.37590878, 4.43237079, 4.463210451, 4.534104212, 4.410895215, 4.411325964, 4.429285125, 4.567617072, 4.767518718, 4.390446519, 4.6334245880000005, 4.3630286300000005, 4.4096499819999995, 4.384463693, 4.4666862720000005, 4.437643619, 4.408938336, 4.387265313, 4.63887675, 4.469274040999999, 4.448338283, 4.412550257, 4.440111212000001, 4.395831932, ]
58-10	6	[7.599698589, 7.787116749999999, 8.006512705, 7.588038157, 7.931041733000001, 7.820402638, 7.657530360999999, 7.939797765, 7.567425232, 7.880433581999999, 7.6374270300000004, 7.813847158, 7.754725915999999, 7.942620292, 7.8351480030000005, 7.7220252799999995, 7.628843473, 7.717934388, 7.77647628, 7.691198572, 7.851747511999999, 7.808748487, 7.882244665000001, 7.863394221000001, 7.662941545000001, 7.620812778, 7.7674818850000005, 7.727147868, 7.903570483999999, 7.769403327000001, 7.8596862419999995, 7.853500894000001, 7.67508798, 7.765604759, 7.673161143, 7.545738488, 7.817706751999999, 7.776626302, 7.989027698999999, 7.855508958000001, ]
99-16	7	[8.222742654000001, 8.193190429, 8.469393091999999, 8.211541608000001, 8.286196784, 8.207243098000001, 8.29678099, 8.466841539999999, 8.271890535, 8.152615681999999, 8.429644148, 8.271109777, 8.16354753, 8.173494679000001, 8.151454421, 8.169593046000001, 8.543573764000001, 8.272891212, 8.408301708, 8.279158648, 8.620247895, 7.986650005, 8.278325265, 8.591207329, 8.332592071, 8.32888009, 8.241157013, 8.305237419, 8.289123671999999, 8.212828535, 8.450118100000001, 8.252507183, 8.227340577, 8.39934717, 8.237681778999999, 8.597274898, 8.252395587999999, 8.330684819, 8.363379766, 8.184026037999999, ]
85-9	6	[8.384952892, 7.681252713, 7.876566630999999, 7.958159493, 7.820219035999999, 8.059388335, 7.637484113, 8.003719103000002, 8.067304515, 7.810930546000001, 7.73003403, 7.912745082, 7.746878434, 7.831526418, 7.873078362, 7.965203437, 7.881281155, 7.826145614, 7.832015725, 8.020432713, 8.025437739000001, 7.801651247000001, 7.9087613469999996, 8.062684367, 8.006418685000002, 7.929823417000001, 7.766460256, 7.799797911999999, 7.926038175, 7.8470642150000005, 8.053274525, 8.501478118, 7.679578066, 7.592997939, 7.841487623, 8.29676593, 7.6464651009999995, 7.69948909, 7.7226561049999995, 7.951928663, ]
76-14	6	[4.748588178, 4.808725095, 4.799166641999999, 4.88252009, 4.779976617, 4.7130365229999995, 4.762925880999999, 4.813510776, 4.853651869, 4.975901111000001, 4.8875179929999994, 4.804427731, 4.761958046, 4.8199642019999995, 4.765940092, 4.729759892000001, 4.901614331, 4.745506357, 4.766193, 4.975647291, 4.94032425, 4.868953886, 4.834022075, 4.782178051, 4.837722526, 4.808298826, 4.887016205, 4.842246961, 4.861650979999999, 4.781788472, 4.813007524, 4.869284341, 4.79221672, 4.871054627, 4.7767683, 4.844414402, 4.781567974, 4.829253794, 4.798667372, 4.942952697, ]
72-19	7	[7.996327888000001, 8.299790853, 8.125714199999999, 8.001074360999999, 7.895527463, 8.001425429, 7.934282370999999, 8.055437692, 8.055603236, 7.975887311999999, 8.042729766, 8.371416421000001, 8.042852283, 7.906735577, 7.995099371000001, 8.140469444, 8.315453329, 7.970245754, 8.354469964, 8.06311288, 8.253253244, 8.069617599999999, 8.075943125, 7.984668137999999, 7.865443744000001, 8.09150155, 7.911949396000001, 7.9215772289999995, 8.092484635, 8.086046824, 8.178847918, 7.938127458, 7.901016256, 8.417174646000001, 7.889388718, 7.881818891, 7.9253910229999995, 7.925759453, 8.050019289, 8.355182194, ]
71-10	6	[8.534520538, 8.391927164, 8.391646909, 9.110597771, 8.105006951, 8.600965482, 8.366309482, 8.666112928999999, 8.285824373, 8.178626098, 8.453826283, 8.356258441, 8.402388735999999, 8.525348474, 8.132728809, 8.473646578, 8.210426394999999, 8.377203833000001, 8.891080162, 8.658325163, 8.478262476, 8.523944316, 8.470093113, 8.246753725, 8.445016751999999, 8.275504392, 8.239781245, 8.520839021999999, 8.357926889, 8.449764751, 8.507053266, 8.508150305, 8.172876531000002, 8.361867588, 8.064534977000001, 8.651081078, 8.542278343000001, 8.640968582, 8.462074282, 8.332020521, ]
66-10	8	[8.526034906, 8.342744098, 8.420254163, 8.514189135, 8.186585836999999, 8.537275214000001, 8.205147788, 8.04918642, 8.343267638, 8.22768309, 8.320752727, 8.971204542, 8.68447513, 7.954370332, 8.188187343000001, 8.077581379000002, 8.069089856, 8.352931782, 8.119072959, 8.116019047, 8.112632109, 8.111580249, 8.319407702, 8.369293168, 8.169016776, 8.342500297, 8.310968028000001, 8.169843016, 8.330229722, 8.251619156, 8.053485430999999, 8.323553587, 8.538331702, 8.166100296, 8.345186612, 8.373223348000002, 8.111231206, 8.572413177000001, 8.269697216, 8.205366585, ]
91-3	5	[7.546470629000001, 7.710558092, 7.757746685, 7.819576879, 8.015787168000001, 7.758180530000001, 7.691236187000001, 7.564868932, 7.668510071000001, 7.782709787, 7.7042974719999995, 7.496708019000001, 7.776102327000001, 8.031111897, 7.933814365, 7.773704367000001, 8.186518713, 7.632567796, 7.630522186, 7.9530435850000005, 7.798107515, 7.7132087170000005, 7.66151074, 7.703035636999999, 7.797642973, 7.635267208, 7.960682748, 7.758940255, 7.7087063229999995, 7.776850983000001, 7.8902096749999995, 7.6979880949999995, 7.715377712, 7.896351309, 7.835847893, 7.769460173, 7.737312157, 7.726660859000001, 7.756025082, 7.790121836, ]
105-4	7	[4.850653487, 4.927980734, 4.870636759, 4.911637862, 4.901387613000001, 4.883262355, 4.991051393, 4.920994366, 4.916354451, 5.00565241, 4.908427794, 5.191052708, 5.066395842, 4.943424692000001, 4.9866887349999995, 4.961982690999999, 4.893955194, 4.881841129, 5.1214233149999995, 4.987776592, 4.898768371, 5.123046221, 4.925486264, 4.984959240999999, 4.892124699, 4.984940467, 4.878494814, 4.966001169, 4.9659661250000005, 4.940795881, 4.873214971, 4.9307334869999995, 4.975112504, 4.9415842660000004, 5.132496337, 4.9261491809999995, 4.974102659, 4.885560033, 4.916683151, 4.933992351, ]
84-15	5	[4.589371757, 4.76085669, 4.633727399, 4.685745744999999, 4.590715573, 4.520676282, 4.43986333, 4.561449207, 4.771600225, 4.57842225, 4.566479838, 4.592173676000001, 4.581695903, 4.567168767999999, 4.5466926260000005, 4.538097949, 4.532924139, 4.555563341999999, 4.536451789000001, 4.491749245, 4.566444766999999, 4.643506102, 4.595194767000001, 4.495260624, 4.6979844989999995, 4.509939733, 4.546895317000001, 4.565659144, 4.740570089999999, 4.496494605, 4.672270964, 4.607588120999999, 4.661797437, 4.55603, 4.537410372999999, 4.532649835, 4.501784249, 4.482170465, 4.534417926, 4.507028902, ]
112-5	7	[4.562229028, 4.559073537, 4.599861165, 4.602998927, 4.689221460000001, 4.6837561690000005, 4.568544119, 4.530970165, 4.61237235, 4.550796742, 4.635722706, 4.552802462, 4.691879479000001, 4.560210571, 4.6059107, 4.486189941999999, 4.558625667, 4.593385656000001, 4.5246737889999995, 4.5306367299999994, 4.6347693990000005, 4.576599246, 4.585324712999999, 4.5833387309999996, 4.781336539, 4.5447975110000005, 4.459819228, 4.575769514999999, 4.534080781, 4.540965653, 4.563054341, 4.567798505, 4.632129094, 4.575156428, 4.543703806, 4.749947477, 4.625254160999999, 4.55055786, 4.562037133, 4.592690387, ]
112-2	8	[7.880185979999999, 7.6202505490000005, 8.072014312, 7.798907466999999, 8.079784069, 7.901867272999999, 7.8475266370000005, 7.913610265999999, 8.034879629, 7.7412531509999996, 8.033836292, 8.070230206, 8.048429872, 7.972588201999999, 7.8727160529999995, 7.840946281000001, 7.909428457999999, 7.973344228, 7.8746675260000005, 7.953991777, 8.639748057999999, 7.927627669, 7.954857554, 7.925787654, 7.980809278, 7.750033035, 7.875080552, 7.884464326000001, 7.974970495, 7.9945832160000005, 7.939587269, 7.955795939000001, 8.116569495, 7.896325791000001, 8.116327466, 7.906427358, 8.132060024000001, 7.827430592000001, 8.113858211, 7.792459445, ]
107-14	4	[5.015555377, 4.974857822000001, 4.906486093, 4.840259766, 4.788086263, 4.813915258000001, 5.047676614, 4.928123274, 4.936108497, 4.952836199, 4.8574466439999995, 4.936249306, 4.892040496, 4.8672323529999995, 4.929386464999999, 4.860331152, 4.974297051, 4.872116604, 4.878543013, 4.9344022270000005, 5.141474039, 4.862023417, 4.911356693999999, 4.875626583, 4.923350628000001, 4.869452709, 4.96520753, 5.120377767, 5.011597714, 4.902182142999999, 5.014599616, 4.899492398, 4.96423749, 4.910969955, 4.84555462, 4.893325241, 5.078764352, 4.957465299, 4.868605294, 4.810987247, ]
88-9	7	[7.623972692000001, 7.579452174, 7.595753103, 7.890281469, 7.738117248999999, 7.912260132999999, 7.877344552, 7.999512660000001, 8.027076523, 8.118760014, 7.619636561, 7.851317439, 7.730399219000001, 7.661838076999999, 7.951918002999999, 7.648413063, 7.879191324000001, 7.6808710410000005, 7.738806053000001, 7.814153585, 7.637562076999999, 7.876484865000001, 7.764972157, 7.754116679000001, 7.584499522000001, 7.625640516, 7.610719551, 7.76053243, 8.135435545, 7.846176445, 7.785233327, 7.666990334000001, 7.755770032, 7.725184838, 7.752513607, 7.742953754, 8.04542417, 7.768905931, 7.839863225000001, 8.117550186999999, ]
55-9	5	[7.899277839, 7.927949503000001, 7.816960484, 8.213099826999999, 7.7526670929999995, 8.500811066999999, 8.062892125000001, 7.881151625, 8.082266714, 7.663510434000001, 7.910840063999999, 7.868688037000001, 7.943757571, 7.709336829999999, 7.709475369000001, 7.95285913, 7.814364661999999, 7.829458378999999, 7.939124167, 7.922393785000001, 7.8315599460000005, 7.6635632639999995, 8.12108304, 7.981608195999999, 8.503317806, 7.99699851, 7.909783678, 7.951888502, 7.699341105999999, 7.758721599, 8.0488325, 7.897285956999999, 7.739554601, 7.8236194139999995, 7.964589600999999, 7.965058258000001, 7.964121394999999, 8.019122477, 7.978494727999999, 8.141230463000001, ]
48-2	9	[7.962198309000001, 7.893037573999999, 8.019150578, 7.883983794, 7.67200142, 7.758423068999999, 7.982389155, 7.980065582, 7.952294392000001, 8.559490110999999, 7.908375721, 7.786651632, 7.826811275, 7.851698328000001, 7.926849125, 7.857536839999999, 8.168854818, 7.650264996, 7.907690629000001, 7.876811784, 7.910745744, 8.00790544, 8.177216344000001, 7.9981215919999995, 7.8956418610000005, 7.899134746, 7.890470886999999, 8.041038724, 7.7778084849999995, 7.902952634, 7.765584649, 7.754737903, 7.978927546, 7.832058261999999, 7.70724177, 7.863878571, 7.854467095, 7.963124301000001, 7.908630481, 7.828354139999999, ]
47-8	6	[8.287882674999999, 8.340966277, 8.332880418, 8.241722210999999, 8.143498347, 7.975971615, 8.330498016, 8.245268425, 8.567355039, 8.202935290000001, 8.150111822, 8.745382717, 8.119229941999999, 8.366388262000001, 8.100206748, 8.214015116, 8.209370919, 8.338795949, 8.294860115999999, 8.229042653, 8.229909365000001, 8.325024026, 8.268782611, 8.298231891, 8.348905097, 8.129549817000001, 8.595057985999999, 8.366407195999999, 8.10212551, 8.398685249, 8.17067891, 8.044488038, 8.379246572, 8.20130841, 8.004762995, 8.331239059, 8.118931442000001, 8.406670363, 8.32402307, 8.075174268, ]
50-7	6	[4.569242311, 4.687913998, 4.541702309, 4.558474503, 4.627283018000001, 4.618126367, 4.648200052, 4.744982283000001, 4.581026039, 4.620426272, 4.601191920000001, 4.515701183, 4.757176696, 4.526297057, 4.696916889000001, 4.581046276, 4.584465878, 4.83872297, 4.59433282, 4.553700821, 4.580182831999999, 4.586305746, 4.670851400999999, 4.560173310000001, 4.547195523, 4.591464987, 4.588854205, 4.620620871000001, 4.514382061, 4.55317463, 4.603262601, 4.516716631, 4.510994275, 4.496854563, 4.542436251, 4.614239026, 4.508707021999999, 4.50772197, 4.5933475050000006, 4.545575958000001, ]
50-0	9	[7.880983591000001, 7.850461119, 7.587395032000001, 7.901299525999999, 7.711402057000001, 7.960723172000001, 8.089297857, 7.731678817, 7.800592798, 7.8334917509999995, 8.011821112, 7.95780177, 7.795589437, 7.784470149000001, 8.054666583, 7.940381623, 7.745583591999999, 7.847600858, 7.9624119900000006, 7.920784856999999, 7.720095225, 8.530071451, 7.961809375, 7.786768367, 7.811071012, 7.924414035, 7.8289010260000005, 7.924217447000001, 7.948737424, 7.840516535000001, 8.071015065, 7.748027331, 7.9745012730000004, 7.86274592, 7.9214119510000005, 7.875982984000001, 7.919871826, 8.005745502, 7.971661038000001, 7.874429213999999, ]
49-28	6	[4.49593714, 4.554234381, 4.525212123, 4.640047708, 4.514057002, 4.59419881, 4.614980924, 4.536129967, 4.6768145290000005, 4.721209757, 4.5102978049999995, 4.529938601, 4.51348181, 4.6055164379999995, 4.593383922, 4.567334712999999, 4.568909572, 4.526046377, 4.57700561, 4.574607065, 4.750397957, 4.687489074, 4.603788402, 4.569815832000001, 4.542173098, 4.516648077, 4.551760113, 4.593774079, 4.575251636, 4.480677606, 4.579402604, 4.551938868, 4.717118510000001, 4.572440286, 4.519477642, 4.838484363, 4.69267155, 5.36081784, 4.683343098, 4.531987012999999, ]
49-18	7	[7.799537066999999, 8.213143326, 7.751108982000001, 7.736971134, 7.789835650999999, 7.572779704, 7.702865632999999, 7.893953098000001, 7.9074682140000006, 8.104644745, 7.700306177000001, 7.6984145250000005, 8.047358862, 7.725594925000001, 7.7193603500000005, 8.048694653, 8.25083199, 7.957754944, 8.026974909, 8.08979076, 7.741654550000001, 7.8239792349999995, 7.719777017000001, 7.663436484, 7.684043214, 7.659813633, 7.852696663999999, 8.186185322, 8.24102569, 7.706594513000001, 7.859350397999999, 8.217681345, 7.714810921999999, 7.741250863, 7.7138702740000005, 7.874050962000001, 8.091002996999999, 8.394844664, 8.274659832000001, 7.861591895, ]
48-19	7	[7.757268723, 7.561227646, 7.715318748, 7.815492952999999, 7.61898244, 7.702830618999999, 7.865425269999999, 7.731634383, 7.895258746, 7.964845383999999, 7.735668444999999, 7.844495122, 7.6583597910000005, 7.978995955, 7.750581279, 7.693327587999999, 7.813965386999999, 7.9523541369999995, 7.809687993999999, 8.221957452, 7.802057801, 7.797509192000001, 7.68026692, 7.706305189, 7.809441124, 8.166727419, 8.058262753000001, 8.147706544, 7.912252457999999, 7.730040919, 7.88386832, 7.724158695000001, 7.687157001000001, 7.7533376149999995, 7.733207114, 7.626913795999999, 7.815509991, 8.300340225, 7.937272962000001, 7.83501157, ]
39-26	5	[8.271217256, 8.222170202, 8.247335817, 8.460671589, 8.35436743, 8.542363603, 8.380131996, 8.346830144, 8.148178067, 8.350187592000001, 8.25847525, 8.193265622, 8.187150888, 8.313757094000001, 8.189285045, 8.228739613, 8.230333089, 8.178151386000001, 8.160034804, 8.040061565, 8.242223599999999, 8.226725236, 8.182770806, 8.274839065, 8.53552126, 8.607862581, 8.238601227, 8.495757196, 8.19505093, 8.231003061, 8.262411855, 8.061557293, 8.574360444, 8.103573062999999, 8.609102601, 8.210632706, 8.110833447000001, 8.296940127, 8.138747614, 8.550027974, ]
40-28	7	[4.842959676, 4.832465454, 4.921915686999999, 5.008501956, 4.784446622, 4.813969747, 4.907492922, 4.729869488, 4.839817969, 4.898305241, 4.777895209, 4.767471520000001, 4.867184338, 4.826440191, 4.729745511999999, 4.755998665, 4.788113517, 4.919216533, 4.850526598, 4.881312941, 4.750172463, 4.804440363, 4.759670947, 4.755860407999999, 4.911712384, 4.81632362, 4.970984031, 4.939903125, 5.035319533, 4.783463081, 4.797573593, 4.836050764, 4.75493072, 4.789722704, 4.914027563, 4.84665913, 4.817639205, 5.10679791, 4.8025241329999995, 4.779183853999999, ]
33-0	10	[8.161803884, 8.295077534, 8.440977307999999, 8.497379858, 8.306731402, 8.29149731, 8.658186122, 8.485096293000002, 8.746897929000001, 8.701637485000001, 8.366311095, 8.369293506, 8.391477067, 8.533432308, 8.284689913, 8.380101473, 8.380479991, 8.413058, 8.385218192, 9.149876439000002, 8.274238445, 8.538576655, 8.626130394999999, 8.403646159000001, 8.529017052999999, 8.417377618, 8.828931484, 8.456718995000001, 8.275138570000001, 8.246707169, 8.532396284, 8.310338903, 8.458502709, 8.329638672000002, 8.457075359, 8.311994844, 8.359631475, 8.19347464, 8.115148208, 9.205196007, ]
26-0	9	[7.6298469849999995, 7.910953103, 7.7123454019999995, 7.774639163, 7.898133113000001, 7.821845853999999, 7.8039903829999995, 7.862372926000001, 7.931202689, 7.754117464999999, 7.773941004999999, 7.888225148999999, 7.725285796, 7.729065259, 7.960337740000001, 7.675559386999999, 7.819903891999999, 7.797611860999999, 7.735936198000001, 8.087857459999999, 7.8296527970000005, 7.834436222000001, 7.858485765, 8.047967435999999, 7.844396875, 8.233314432, 7.766587918, 7.942588560999999, 7.674151233999999, 7.921400409, 7.8613492890000005, 7.9313944670000005, 7.6465199870000005, 7.699831336999999, 7.793092592000001, 7.9095459429999995, 7.804199246, 8.425048272, 7.819180861, 7.770485692, ]
18-13	7	[4.713249478000001, 4.746834499, 4.5116338659999995, 4.538197699, 4.6023791549999995, 4.578617018, 4.5977443529999995, 4.570684528, 4.505208422, 4.4846795440000005, 4.474466426, 4.536561701, 4.551405856000001, 4.600326672, 4.557630799, 4.468842912, 4.592591874, 4.526292126, 4.629841064000001, 4.5361460330000005, 4.505291851, 4.610055336, 4.678576748, 4.496782593000001, 4.570946557, 4.667403814, 4.509391943, 4.538927986, 4.611212818, 4.532307043, 4.544184876999999, 4.654874587, 4.544997537, 4.608915569, 4.5664782, 4.554280595, 4.707210781000001, 4.553855775000001, 4.465140171, 4.675261345, ]
11-10	7	[8.350025962, 8.293376122, 8.516574163, 8.293766727000001, 8.057094215000001, 8.445231279, 8.465927566, 8.187814340000001, 7.981613685, 8.139944845, 8.201682844, 8.241758122, 8.244116372, 8.189549741, 8.370814281000001, 8.153305538, 9.339298235, 8.241710653, 8.161114593999999, 8.274982062000001, 8.3163814, 8.179617917, 8.145741206, 7.921419986, 8.275917967, 8.169525400000001, 8.596821974, 8.081136582, 8.293805083, 8.264415238, 8.207260833, 8.156581807, 8.269257726, 8.518086902, 8.287484218000001, 8.022715922, 8.277783092, 8.486404859, 8.042779758000002, 8.379707021, ]
7-15	5	[5.003547497, 5.006205218, 5.02165633, 4.986314333, 5.145012385, 5.08084909, 4.981170179, 5.047322083, 4.958071168, 4.962227221, 5.050427796, 5.169967284, 5.01721834, 5.027069626, 5.056500293, 4.959150879, 5.041244815, 5.189726027000001, 5.001775201, 4.981433521, 5.056087588, 4.979589402, 5.042244723, 4.920786584, 5.016418196, 4.953656016, 5.068123518, 4.989865355, 5.058900277, 4.976449127, 5.206052683999999, 5.037399174, 5.220834622, 4.97128909, 4.976220715, 4.958950998, 5.180839592, 5.0491470629999995, 5.03393577, 4.969501897000001, ]
7-10	7	[8.171049066, 8.469177865999999, 8.142158299, 8.27218323, 8.308654749999999, 8.093067335, 8.229927692, 8.461535077, 8.181463822, 8.911576926999999, 8.16109649, 8.262286311, 8.605271055, 8.727440707000001, 8.602404399000001, 8.41500806, 8.438456082, 8.364720398, 8.408772020999999, 8.282209368, 8.400313945, 8.137056311, 8.707451063999999, 8.502620854, 8.336109312, 8.334895427, 8.422089933, 8.265945160000001, 8.528150676, 8.326327986999999, 8.321092945, 8.477833662, 8.568756292, 8.248573492, 8.537207264000001, 8.299025291, 8.510402599, 8.303944517, 8.254576011, 8.28344312, ]
6-2	9	[8.141255854, 8.47694092, 8.261402581, 8.225764826999999, 8.40495, 8.302040438, 9.029397732000001, 8.324520972, 8.330779199, 8.22825421, 8.570655109999999, 8.611473138000001, 7.956835629, 8.587973462, 8.039983906, 8.429772003, 8.289014321, 8.196257037, 8.162289313, 8.41293061, 8.349324147, 8.308274471999999, 8.046504902999999, 8.207765099, 8.243448171999999, 8.244369628, 8.105997483, 8.360386014, 8.275226832, 8.173771061, 8.213497211, 8.017900939, 8.242845642, 8.415598184999999, 8.32232334, 8.307250137, 8.235500605, 8.575029797000001, 8.140110443000001, 8.094217958, ]
1-18	9	[8.477945653, 8.219653635, 8.502909924, 8.694401853, 8.284971495999999, 8.117203508, 8.275975307000001, 8.704244981999999, 8.239432107, 8.459374932, 8.233365871, 8.166851415, 8.404695192, 8.389199644, 9.276667204, 8.326381423, 8.401528644, 8.224584698, 8.396813194, 8.356025576, 8.211941583, 8.282283826999999, 8.098013376, 8.162909235, 8.317697932, 8.341336058000001, 8.256568533000001, 8.152987270999999, 8.297606731, 8.351900629, 8.228968134, 8.336104051, 8.210623067, 8.255400619, 8.345104042, 8.176269441, 8.160117618, 8.310785919, 8.694396831999999, 8.198013939, ]
31-15	3	[4.393384363000001, 4.4456908, 4.413057844, 4.397833261, 4.492984504, 4.480929947, 4.395295885, 4.391898834, 4.437876898, 4.664638986, 4.448857186, 4.573291027, 4.458053973, 4.423471912999999, 4.475761006, 4.492647646, 4.4359103719999995, 4.430128659, 4.380159397, 4.612698132, 4.560197283, 4.4150823400000005, 4.516437076, 4.416013148, 4.41212803, 4.421370581, 4.546583586, 4.478584399, 4.487144883, 4.380060799000001, 4.443023424, 4.426085641, 4.4579411140000005, 4.495753474, 4.612570450000001, 4.439165042000001, 4.435400514, 4.4321403219999995, 4.416443638, 4.374278798, ]
22-14	6	[4.7214050709999995, 4.494346305, 4.470411108, 4.573544184, 4.597921271000001, 4.478185076, 4.519310958, 4.5132085239999995, 4.733125858, 4.570569194, 4.553776563, 4.551301218, 4.573688644, 4.592508058, 4.660734813, 4.549572491, 4.488133772, 4.517091353, 4.505213783, 4.7178260110000005, 4.446425543999999, 4.547188264, 4.546821419, 4.546043662, 4.475401904, 4.54766044, 4.568370583, 4.649956308, 4.53516968, 4.489716756, 4.455107099, 4.558056015, 4.499700757, 4.474056892, 4.573377488999999, 4.635845517, 4.493302914, 4.522305705000001, 4.660320585, 4.567157033, ]
17-26	7	[8.07266029, 7.639904845, 7.640998119, 7.785262407, 8.029367158, 7.716070112, 7.749335882, 7.881871748999999, 8.216374233, 7.752721218, 7.717412365, 7.822471601999999, 7.724707211999999, 7.703814628, 7.774520511, 7.785410127999999, 7.637837413000001, 8.195048233000001, 7.515023805, 7.6583344879999995, 7.781832949999999, 8.052423466, 7.696459600000001, 8.15145955, 7.709226557999999, 7.712004311, 7.584974987, 7.684941503, 8.224437859, 7.913219706999999, 7.715540713999999, 7.919174505, 7.995323625, 7.791785203000001, 7.8046033779999995, 7.699659302, 7.669790721999999, 8.153042749, 8.064895073999999, 7.722195944, ]
13-11	6	[8.346409306, 8.227075329, 7.86267408, 8.170034202, 8.133046216, 8.278425111, 8.081418628, 8.495349236000001, 8.32007302, 8.192913167, 8.181580047, 8.229009590999999, 8.073123652, 8.407309264999999, 8.11208191, 8.181452230000001, 8.420127598999999, 8.067499614, 8.365699053999998, 8.133783418, 8.647709246, 8.521546833, 8.229194717, 8.118162174, 8.065951315, 8.294678639999999, 8.118613571000001, 8.228257111, 8.248641342, 8.266759813, 8.237146166, 8.061514997, 8.219408201, 8.380861933, 8.369611797, 8.433063975, 8.086605924, 8.022874476, 8.299140464, 8.095147036, ]
1-1	10	[8.29050809, 8.479799283, 8.551360218000001, 8.423894702, 8.405385556999999, 8.076539132, 8.430722097999999, 8.409572778, 8.920194947999999, 8.362453225, 8.369244313, 8.418205439, 8.362765236, 8.288097548, 8.445273614000001, 8.490880185, 8.437457443, 8.437984336, 8.334095995, 8.306988211999998, 8.432834197, 8.431255248000001, 8.077541815, 8.187785528, 8.263168018, 8.558237427, 8.3785815, 8.324381675000001, 8.493040488, 8.379312432, 8.605960869999999, 8.277173106, 8.403577367, 8.248127064, 8.243967147000001, 8.175351039999999, 8.149833148, 8.434453561000002, 8.244125067, 8.202804974000001, ]
32-14	8	[5.479418164, 4.925135576, 4.97440447, 4.898756647, 4.966266384, 4.893905177000001, 4.914654638, 4.873199198, 4.954612684, 4.95635123, 4.940055357, 4.915134876000001, 4.965033574, 4.905683983, 4.975213131, 4.988826743, 4.8952779810000004, 4.958442472, 5.035357771, 4.903951673, 4.875236222, 4.90324108, 5.0244956, 4.922257411, 4.936784165, 5.0165545, 5.016175558, 5.0848633229999995, 5.054759336, 4.904528815, 4.934093774, 4.9775421699999995, 4.933990104, 4.971335496, 4.923040984, 4.833083053, 4.882895513, 4.869091015, 5.054261789, 4.965489135, ]
8-8	10	[8.009145086, 8.122607738000001, 8.181683463, 8.210762901, 8.399206039, 8.103328188999999, 8.300294086000001, 8.190563732000001, 8.824334069999999, 8.260079203, 8.078214151000001, 7.959055353000001, 8.287526511, 8.068859539, 8.225039152, 8.343384942, 8.611664308, 8.248474485000001, 7.995141349000001, 8.360141724, 8.10156643, 8.265938134, 8.201851887, 8.220587714, 8.130337552999999, 8.661060742, 8.266156647, 8.180502884, 8.284600426, 8.169542524, 8.376646504, 8.130738018, 8.145260425, 8.064232437, 8.097947544, 8.405955018, 8.117234219, 8.154720444, 8.06521453, 8.114565918, ]
6-14	7	[4.9231777800000005, 4.876696631, 4.980341419999999, 5.068556867, 4.941170928, 4.958155018999999, 4.975700632000001, 4.950470213, 4.925314950000001, 4.904044529999999, 4.984187365, 4.943735511, 4.978721627, 4.927733092, 5.014360645, 4.977624214, 4.959551792, 4.930009963, 5.042208061999999, 4.902310073000001, 4.921367366, 5.048149235, 4.944942569, 5.030137745, 4.92189656, 4.970601674, 4.863866549, 4.929341032, 4.917090248, 5.052872745999999, 4.914684621, 4.889825895, 5.007122572, 4.979668076, 4.892550077, 4.915795746000001, 5.140349605, 5.005010574, 4.902123737, 4.900695113, ]
4-5	9	[5.074321424, 4.941794556, 5.154471793000001, 4.933388448, 4.93949457, 4.925741154, 5.095523226, 5.180718065, 4.957238853, 5.058219124, 5.170012622, 5.51232245, 4.940235111, 5.111062426999999, 4.923509719, 5.002255135, 4.963120363, 5.019810464, 5.132941797, 4.96159193, 4.969068369, 5.078248051, 4.943681949, 4.964743591, 4.9417648110000005, 4.9051229229999995, 5.04410356, 4.900541519, 5.066348984, 4.920870005, 4.910119251, 5.088814834, 5.043710901, 4.886284788, 5.0964392819999995, 4.937282994, 5.000597342, 4.963857741, 4.943763806, 5.063015732, ]
3-0	10	[8.29727617, 8.375622161999999, 8.462545146999998, 8.549343994, 8.508894530000001, 8.183047451, 8.266806401, 8.457946168, 8.425089888, 8.206960489, 8.382750593, 8.412431897, 8.172125331, 8.317144392000001, 8.431639224000001, 8.528771485, 8.364230288, 8.237128579999998, 8.439148346, 8.171782132, 8.381371501, 8.047248811000001, 8.289505155, 8.766446546000001, 8.423762026, 8.504868142000001, 8.339827321, 8.440817171, 8.299170175, 8.349969982, 8.361424640000001, 8.714974223999999, 8.269164621, 7.993509509, 8.526373057, 8.522102069, 8.530521928, 8.337540032000001, 8.292203028, 8.598562096999999, ]
19-31	4	[4.555611508, 4.5732639829999995, 4.486659359000001, 4.533560132, 4.504739551, 4.800771251, 4.489755253, 4.634675241, 4.594963353, 4.586769299, 4.587792187, 4.568722654, 4.5441312830000005, 4.493835328, 4.530823991, 4.6683407599999995, 4.649874945, 4.517073379999999, 4.536935567, 4.565582295, 4.500807346, 4.704556512, 4.501328543, 4.715055991, 4.560939506, 4.521947396, 4.713363922999999, 4.584206498, 4.704129871, 4.512254528, 4.58918515, 4.429023276000001, 4.727897311, 4.537347444, 4.633130394, 4.634125103, 4.567543627, 4.691487286, 4.591492573, 4.559297453, ]
19-26	6	[7.697635485999999, 8.106456137, 7.866700707, 8.201896482, 7.81794157, 8.224789334999999, 7.711160722999999, 7.720002887999999, 8.068835344, 7.7832904659999995, 7.76500879, 7.7798175469999995, 8.102225507, 7.75290317, 7.830346155, 7.673004225, 7.706024754, 7.681537825, 7.699816781000001, 7.729039243999999, 7.822219456, 7.705745768999999, 7.725044327999999, 7.673409308000001, 7.630568844000001, 7.747284745999999, 8.020189578, 7.783641814999999, 7.540979255, 7.897261265, 7.730497055000001, 7.748032938000001, 7.888886848, 7.7218583359999995, 7.8342265730000005, 7.894480292, 7.624077959, 7.761898136999999, 8.158163365, 7.8470565610000005, ]
19-25	6	[7.810978327999999, 7.792720201000001, 7.761986552000001, 7.692925655, 7.739791348999999, 7.776858531999999, 7.771876727, 8.204790868, 7.629093009, 7.820652547999999, 7.858567664999999, 7.747346712, 7.578274299, 7.734923863, 7.813824636, 7.953522081000001, 7.6754839640000005, 7.750779757000001, 7.721837507999999, 7.7781983320000005, 7.660211178, 7.8018820810000005, 7.808306180000001, 7.884884361000001, 7.846977721999999, 8.087851738000001, 7.726628186, 7.582329577, 8.081428091000001, 7.609338859, 7.621051866, 8.035535822, 7.852913795999999, 7.558802137000001, 7.8064234379999995, 7.704113157999999, 7.943607568, 7.778883979, 7.658678431, 7.854575165, ]
12-10	8	[8.086460133, 8.140615745, 8.100045450000001, 7.77848097, 8.331156141, 8.077634792, 8.984309178, 8.166161082, 7.936402482000001, 8.204266110999999, 8.093107439, 8.029556973, 8.141814748, 8.056220306, 8.374872798, 8.237887540000001, 8.230090334000002, 8.232226034, 8.871883255, 8.193029757, 8.200186300999999, 8.025730764999999, 8.343924726000001, 8.169467606, 8.14746538, 8.230974135999999, 7.99884437, 8.135908839999999, 8.386715869000001, 8.819900138, 8.44279083, 8.30822616, 8.244038535, 8.035952438999999, 8.134829391, 8.082165827, 8.07029754, 8.190568986, 8.22132165, 8.110435276, ]
3-24	8	[8.094922771999999, 8.376990799, 8.144153575, 8.841711243999999, 8.132295484, 8.682542427, 8.153936597, 8.176600039, 8.225599577, 8.223198889999999, 8.278746614000001, 8.496964402, 8.485746098, 8.281956742999999, 8.098507549999999, 8.674465541, 8.272200203999999, 8.313391117, 8.269640729, 7.995171360999999, 8.218829813000001, 8.242111989, 8.113413422999999, 8.128806080999999, 8.209861343999998, 8.230595083, 8.329558534, 8.186030362999999, 8.137776007000001, 9.020716992, 8.23864908, 8.271819717, 8.3198139, 8.22296317, 8.278158087, 8.368891371, 8.321262712000001, 8.303870129, 8.20582615, 8.098488147000001, ]
25-26	6	[7.659836105, 7.558126051, 7.67642814, 7.502467007, 8.001014009, 8.001184491, 7.698386988999999, 7.7120034340000005, 7.729773418, 7.901145222999999, 7.607377535, 7.670162306, 7.546867575, 7.777752687, 7.739368100999999, 7.525264169000001, 7.62502662, 7.697429745, 7.518147706000001, 7.598048533, 7.611252264, 7.662493432, 7.906733698999999, 7.9537868540000005, 7.4973716580000005, 7.788887902000001, 7.794931691, 7.774512299000001, 7.632202681000001, 7.62188513, 7.849798584, 7.910114278, 7.6723723239999995, 7.545406406, 7.61058498, 7.54352002, 7.583819176, 7.581541499, 7.596989282, 7.48755803, ]
11-25	6	[8.093517544, 8.066162146, 8.05844344, 8.124838180000001, 8.140354861999999, 8.385083838, 8.270454673, 8.007991879, 8.307350597000001, 8.327614286, 8.209713168999999, 8.163775738, 8.057580153, 8.047223297, 8.278727669999999, 8.394419954, 8.109007942, 8.268041946999999, 8.458453972, 8.045877616999999, 8.091555904, 8.159097569, 8.161060299999999, 8.096822912, 7.99291148, 8.068722449, 7.960011838999999, 8.058143832999999, 8.261082423, 8.044221336, 8.133816353, 8.104952104, 8.262060032, 8.037039410999999, 8.446675298999999, 8.134330991999999, 8.11462671, 8.0700901, 8.085064388000001, 8.143735544, ]
10-14	7	[4.862983604, 4.816747986999999, 4.829613965999999, 4.81433149, 4.822233623, 4.7795124719999995, 4.729153749, 4.773883799, 4.737808245999999, 4.705914175999999, 4.794277825, 4.822917371, 4.848810717, 4.774451614, 4.739061321, 4.779526718, 4.76506508, 4.902118863999999, 4.697324955, 4.842304770999999, 4.890081627, 4.856915534, 4.843679958, 4.872709975, 4.985843169, 4.771939494, 4.79649922, 4.779822737, 4.992791402, 4.788509111, 4.778527833, 4.891010447999999, 4.737456774, 4.818444368000001, 4.98196175, 4.687492472, 4.855757424, 4.7840817069999995, 4.789528713, 4.842737089, ]
0-16	11	[8.211724126, 8.072008034, 8.234231394999998, 8.072837171, 8.257093096, 8.548270576, 8.333570501999999, 8.085817955000001, 8.195579998, 7.922744542, 8.431873839, 8.179352898, 8.060819009, 8.497320082, 8.157806204, 8.017847473, 8.100471917, 8.283868629999999, 8.292322506000001, 8.177638045, 8.458565233, 8.172738855, 8.003943391, 8.181227855, 8.434007450000001, 8.042863731999999, 8.357331557, 8.372256806000001, 8.193314597999999, 8.26104821, 8.132956251, 8.182483644000001, 8.358537683, 8.122405366, 8.014036008, 8.25163361, 8.159713799, 8.587889099, 8.247779197000002, 8.072755695, ]
0-15	8	[4.911747457000001, 4.876895796, 4.975771498, 5.01481649, 4.974411069, 4.962140795000001, 4.969412882, 4.8450830410000005, 4.982935877, 4.868021915, 4.921556669, 4.892893239999999, 5.019889575, 4.934309849, 4.995741752000001, 4.875818802, 4.920477559, 4.9959831459999995, 4.962798688, 5.1151644009999995, 4.996706384, 4.888026515, 4.9688484740000005, 4.895920128999999, 4.956903376, 4.99118019, 5.030544969999999, 4.889255019, 4.903129262, 4.973724519, 4.9812949380000004, 4.940468837999999, 5.128934331, 4.9572522260000005, 4.893942652000001, 4.926993034, 4.920173826, 4.860090633, 4.956997404, 4.9554637459999995, ]
32-21	8	[4.951085991, 4.926131926, 4.959226832, 4.953155515, 4.849692771, 4.979832554, 4.950882152, 5.158369765, 5.029399632, 4.985199616, 4.964836756, 5.009778116, 5.0381215919999995, 4.917112496, 5.142412628, 5.063293115, 4.9942158899999995, 5.092667553, 4.9232094029999995, 5.034095899, 4.933676081, 4.961064046, 4.9206043589999995, 4.978530492, 5.000310487999999, 4.944905685999999, 4.8612689609999995, 4.936501931, 4.886130350999999, 4.916054593, 4.949230592999999, 5.068078515, 4.97183375, 5.007918954, 5.013029244999999, 5.028409426, 4.969297867, 5.0535089630000005, 4.943890771, 4.983691624, ]
13-16	8	[8.990838223999999, 8.199164089, 8.193433164, 8.24139331, 8.156025534, 8.553698459, 8.168022164, 8.018233004999999, 8.368064474999999, 8.170063009, 8.071350043, 8.080592698, 7.939904391000001, 8.659862159000001, 8.384735236, 8.156216665999999, 8.114315365000001, 8.155769749000001, 8.116985848, 8.546125651, 8.162839583, 8.109870654, 8.378450405, 8.035612706, 8.200767744, 8.074583005, 8.290262166, 8.032715458, 8.255768855, 8.366538406, 8.168727588, 8.30884619, 7.988038819000001, 8.098364746000001, 8.046374000999998, 8.042906705, 8.144304448000002, 8.098804527, 8.146762064, 8.236391627, ]
2-21	8	[5.049592304, 5.015635478, 4.931750389, 4.99312409, 4.986970853, 4.964012492999999, 4.954621102, 5.019332175, 4.978312219999999, 4.938397271, 5.109425204, 4.886482509, 4.92887413, 4.908144414000001, 4.928526356, 4.898546395, 4.890642508, 5.040142724, 4.878216651, 4.935288003, 4.956160439, 4.8751675919999995, 4.978507158, 4.908502116999999, 4.950593015, 4.880944471, 4.933327864, 4.877608223999999, 4.9591222329999995, 4.875962335, 4.930575382, 4.944590557, 4.947838502000001, 4.986222345, 5.001254758, 5.162899111000001, 4.954029805999999, 4.967479132999999, 4.95725654, 4.919934581, ]
