38-10	7	[8.287639992, 8.286406367, 8.296835911, 8.241023721, 8.294032245, 8.365995177, 8.064935673, 8.421445018, 8.457598796, 8.361259728, 9.311059906999999, 8.075597261999999, 8.293182080000001, 8.12551524, 8.216760641, 8.487424981999999, 8.167020111, 8.276708641, 8.117781444, 8.255039706000002, 7.996768742, 8.311958823, 8.123638795, 8.089171829, 8.291694314999999, 8.317141477, 8.154491191, 8.353602523000001, 8.128384955000001, 7.997329138, 8.24939996, 8.110581352, 8.302849366, 8.237026993, 8.304998874999999, 7.994401946, 7.974073536000001, 8.280339907, 8.323713793, 8.229695728, ]
56-13	6	[4.476489592, 4.387282906, 4.606383701, 4.393896138000001, 4.448771805000001, 4.467335187000001, 4.564478322, 4.619622319, 4.463336776, 4.513090916, 4.422727577, 4.446983359, 4.512068228, 4.519352517, 4.506497648000001, 4.463165969, 4.441647187, 4.393033333, 4.411053411, 4.490494209, 4.454911436000001, 4.449818867, 4.387826263, 4.483982829, 4.533253052, 4.508014629, 4.464708628, 4.500837049, 4.4756871369999995, 4.446872966, 4.433483946, 4.384060732000001, 4.395157469, 4.501396146, 4.320034751000001, 4.445846255, 4.534158021, 4.572231228000001, 4.404185883, 4.41440761, ]
34-26	7	[8.048919091, 8.215030233999999, 8.270704795, 8.158848579, 8.17730128, 8.054498181000001, 8.094470783, 8.235362121, 8.325413113, 8.403873928, 8.127030792000001, 8.184857818000001, 8.275448896, 8.110578113, 8.080435421, 8.242554878, 8.484359798, 8.207340116000001, 8.566205202999999, 8.163797939, 8.481889559999999, 8.388353931, 8.116815506, 8.141629134, 8.092462929, 8.032800997999999, 8.547074644, 8.010952457, 8.081145962999999, 8.097148892, 8.154862198, 8.010912687, 8.254738324, 8.140739991, 8.93801772, 8.185389769, 8.306357342, 8.092350865, 8.447300468, 8.12403096, ]
55-30	3	[4.597932516, 4.619009116, 4.684256323, 4.547877222, 4.640145823, 4.482619761, 4.778182858, 4.487969993999999, 4.539141023, 4.543485801, 4.568428046, 4.565719891, 4.584014863, 4.526779809, 4.535194521, 4.716536969, 4.612763609, 4.548309879, 4.577979987000001, 4.571217193, 4.516820282, 4.494000632, 4.560427054, 4.525983146000001, 4.742868465, 4.6027082219999995, 4.6431540149999995, 4.662982797, 4.547990421, 4.589300496, 4.539252652999999, 4.538185357, 4.490696217, 4.712740261, 4.739918026, 4.541957609, 4.650122369, 4.753742852, 4.581717209000001, 4.553016949, ]
123-29	2	[4.458687093, 4.383017999, 4.368843208, 4.4213223820000005, 4.5026383910000005, 4.363642696, 4.42547759, 4.479314694, 4.439583177, 4.360939192, 4.436202881, 4.3899130809999996, 4.527069026, 4.429328256, 4.503304827, 4.397904854, 4.402333072, 4.428414253, 4.401490197999999, 4.446268976, 4.463612841, 4.371780487, 4.604672702, 4.474688248, 4.376565315, 4.408009699, 4.45788779, 4.624366727, 4.374121119000001, 4.394615362000001, 4.402033855000001, 4.409366079000001, 4.402200601, 4.459977535, 4.4060610559999995, 4.4490681180000005, 4.571719111, 4.360073677, 4.403187029, 4.396735107, ]
98-9	7	[8.291422214, 8.34851858, 8.325225979999999, 8.433644135, 8.164805674, 8.379717803, 8.475232414, 8.238245568, 8.021038699, 8.124112983000002, 8.357699743, 8.232956993, 8.285206335, 8.114692091, 8.447706392, 8.308363524999999, 8.214085655, 8.496933212, 8.425899183, 8.300560562000001, 8.455860564, 8.188000012, 8.137207297, 8.277632280999999, 8.289731077999999, 8.430807420999999, 8.382051019, 8.248719592, 8.495410853, 8.536894489000002, 8.161152052, 8.226279674, 8.447937562, 8.322366093, 8.246582909, 8.187584201, 8.238262893, 8.1727179, 8.21619248, 8.464802631, ]
82-2	8	[7.8525991500000005, 7.66212266, 7.834774769000001, 8.120390683, 7.876858863, 8.034544669999999, 7.951988279, 7.970460005, 8.09723383, 7.697360424, 7.813651008, 8.010052185, 8.14939566, 8.249208895, 7.684164327, 8.251823509000001, 7.819943046000001, 7.618146772, 7.895755809999999, 7.758388429, 8.008828569999999, 7.658019864999999, 7.9669148100000005, 7.979887588999999, 7.598996409, 7.949161013, 7.909714199000001, 7.835514753999999, 7.96944068, 7.942326529000001, 7.998626119, 7.838691169, 7.957673965, 7.860207973, 8.144594713, 7.867906167, 7.811160474, 8.047116668, 7.825197525999999, 7.976216204, ]
77-28	5	[4.802352770000001, 4.900915003, 4.907097243, 4.884772167, 4.935144428, 4.815008438, 4.9101339059999995, 5.007603297999999, 4.907101797, 4.971977752, 4.888791735, 4.853765663000001, 4.875419379, 4.864896296, 4.888504664, 4.824157981, 4.949919705999999, 4.841688938, 4.857134664999999, 4.885203053, 4.8418168779999995, 4.988043082, 4.859235635999999, 4.8793369339999995, 4.878866744, 4.8696031479999995, 4.982643201, 4.943302657, 4.865241309, 4.882522333000001, 5.064220248, 4.78298593, 4.884196561, 4.9377428530000005, 4.924113732, 5.036535015, 4.801353604, 4.848370262, 4.885006461, 4.969624705, ]
75-28	5	[4.94036048, 4.913549162, 4.898604263999999, 4.887707189, 4.97299564, 4.907852987, 5.157196026, 4.8563739, 4.98676732, 4.923070932, 4.946161634999999, 5.025345143, 4.860896382, 4.95867337, 4.871924929, 4.870118301, 4.9390736539999995, 4.9153503679999995, 4.966555021, 4.982033036000001, 4.9148592, 4.876889048, 4.879701549, 5.055049039, 4.870750432, 4.943109596, 4.914603089, 4.992511775, 4.865624127, 5.061663203, 4.837283212, 4.892788449, 4.930799745, 4.880946649, 4.976137852000001, 4.948631968, 4.933645834, 4.817650296, 4.8985359630000005, 4.830855537, ]
100-17	7	[8.068640048, 8.126616535, 8.052322205, 8.392251659000001, 8.255740319000001, 8.49077776, 8.208346903, 8.477544399, 8.081131124999999, 8.440987833000001, 8.215717814000001, 8.109424068000001, 8.104853620999998, 8.233102759, 8.236783563, 8.58208005, 8.088640967, 7.907022735, 8.123614357000001, 8.04624045, 7.968929448999999, 8.188304236999999, 8.110661200000001, 8.119531718000001, 8.330811384, 8.207422465, 8.125287892000001, 8.636558512999999, 8.077803494000001, 8.398123627, 8.382832741000001, 8.141400536, 8.519008855000001, 8.253965836999999, 8.048252324, 7.934453042, 8.077779524999999, 8.147024079, 8.222108494, 8.106247809000001, ]
119-28	3	[4.640283258999999, 4.5153268529999995, 4.568739341, 4.638538167, 4.793570145, 4.473986774, 4.516738148, 4.620200994, 4.675081637, 4.530717729, 4.654981525, 4.626272851, 4.582694128, 4.656499806, 4.568729532000001, 4.593045015, 4.817967116, 4.723501702, 4.533668712, 4.501239899, 4.567384933, 4.559734476, 4.560028642000001, 4.599650818, 4.542354986, 4.563111105, 4.573451214, 4.629829561, 4.603446047, 4.553296088000001, 4.5620365750000005, 4.589788348, 4.526232245, 4.567013233, 4.846534242, 4.564938087000001, 4.555473706, 4.716659486, 4.625028412, 4.761634547, ]
95-12	4	[4.395380149, 4.449196226, 4.454754542, 4.694064203, 4.769062519, 4.513506211, 4.480008814, 4.39763977, 4.452911827, 4.464858777, 4.48548197, 4.540699877, 4.440341396, 4.453678864, 4.460671871000001, 4.534571671, 4.555371149, 4.402174993, 4.441287202, 4.450943759, 4.610988304, 4.3713971229999995, 4.403893913, 4.395448226, 4.55433565, 4.3713205209999995, 4.396088238, 4.403786184, 4.431097127999999, 4.549217055000001, 4.406737049, 4.411961924, 4.414233401, 4.434601292, 4.443331682, 4.611284166, 4.367823241, 4.493204028, 4.489425816, 4.446779941, ]
75-4	7	[5.1015600789999995, 4.923297058, 4.913345885, 4.935891735999999, 4.921888693, 4.897741849, 4.986413082, 4.901524408, 4.834074866, 4.858390518, 4.990356009999999, 5.043875975, 4.8867184859999995, 4.90565796, 4.9141586120000005, 4.865946804, 4.846292541, 4.9204097639999995, 4.893045903, 5.028493085, 4.940221045, 4.918317468000001, 5.081453573, 4.979852246999999, 4.970722724000001, 4.900944769, 4.834043652, 4.864255227, 5.063976914, 4.909832775, 4.921056029, 4.986178139, 5.0453959070000005, 4.935586874, 4.927534016999999, 4.8566498750000004, 4.960744423, 4.854440918, 4.931650259, 4.953329682000001, ]
67-31	4	[5.0855377420000005, 5.106806459, 5.0980592, 4.977906725, 5.059712696999999, 4.948502867, 4.9855871149999995, 5.027558185999999, 5.045100133, 4.939207093, 5.024374142, 4.996635308999999, 5.088367309, 5.048598435, 5.116348729, 4.9707249319999995, 4.964246075, 5.026586474, 5.1235578870000005, 5.081851353999999, 5.245200967, 4.9763962, 4.99768452, 5.040789494, 5.079593022, 4.9809022700000005, 5.111859548, 5.0018158790000005, 5.073806056, 4.953000236, 5.143809844, 5.069653468, 5.040547824000001, 4.960617933, 5.015075353, 5.0521817790000005, 4.984152249, 5.069592101, 4.981392357, 5.062228888, ]
108-18	6	[8.00239104, 8.013037995000001, 8.374476744999999, 8.371550035, 7.962009287000001, 7.842398849, 8.08592648, 8.009043082, 7.965451397000001, 8.082299673000001, 7.945719489000001, 8.078196586999999, 8.087668712, 8.056262244000001, 8.410263937, 8.027608714000001, 8.050923446999999, 7.969127132, 8.017849438, 8.082294329, 8.028241921000001, 8.011778395999999, 7.962989134000001, 7.995278012, 7.875283959, 8.344163378, 8.122378174, 7.887145331999999, 8.085737041, 8.013458798, 7.890839280000001, 8.002564523, 7.947265306, 8.491025034000002, 7.998952459000001, 8.018151477, 8.007703849, 8.377818540000002, 8.043622467, 8.136542677, ]
78-14	5	[4.907206959, 4.88980349, 4.759847843, 4.784596782, 4.922473867, 4.815752724999999, 4.784473663, 4.84295981, 4.810448973, 4.857232727, 4.7644551150000005, 4.6857591240000005, 4.805780764, 4.792365027000001, 4.830378036, 4.789866535, 4.8064539150000005, 4.868434672, 4.756647203, 4.777019580999999, 4.895716488, 4.778145694, 4.778155996, 5.062337416, 4.789656454, 4.861819724, 4.870453264, 4.796314148, 4.781224559, 4.768135514, 4.766232516, 4.799877813, 4.78543805, 4.8349122719999995, 4.983817677, 4.716565204, 4.884699974, 4.876858499, 4.779235483, 4.748305155000001, ]
124-27	3	[7.963372924, 7.937997739, 7.951470497000001, 7.652020961, 7.429518507, 7.665124936000001, 7.610867587, 7.620335261, 8.030926999, 7.743514786, 7.688570169, 7.735385615, 7.677218866, 7.9578984550000005, 7.787442781, 7.718160964, 7.574069452000001, 7.623362364, 7.7040365909999995, 7.6459782380000005, 7.778988735, 7.675244028999999, 7.596694549, 8.523119495, 7.787292194999999, 7.545079496, 7.726584056999999, 7.489293878, 7.722747087999999, 7.877367233, 7.641899137, 7.834734212, 7.64687035, 7.5091377889999995, 7.5092374600000005, 7.499377565, 7.555075456, 7.654044145, 7.626295772, 7.973700864999999, ]
122-6	5	[4.564163101, 4.605135888, 4.50718302, 4.381368915, 4.516033785, 4.449568973, 4.451934257, 4.342301823, 4.404922549, 4.398182890999999, 4.49022502, 4.6332206540000005, 4.424054978, 4.474619877, 4.354026472999999, 4.436004099, 4.598303232, 4.405708355, 4.432276614999999, 4.538889894, 4.5795510859999995, 4.446021658, 4.355582281, 4.519459486, 4.433566011, 4.401032507, 4.57170862, 4.447209159, 4.43404359, 4.423110896, 4.396929743, 4.470615051999999, 4.427900198000001, 4.495588757999999, 4.4973847970000005, 4.36721906, 4.473408904, 4.410586282000001, 4.492625007, 4.62308591, ]
116-9	6	[7.986385632999999, 7.975312651, 7.68823173, 7.8751123210000005, 8.024674125, 7.976510146, 7.819965239, 8.090359797, 8.092585173, 7.890633169999999, 7.978865251, 8.173558095, 8.290323729, 7.768066090999999, 7.939744674999999, 7.896482127, 7.909129778, 7.904554413, 7.85763089, 7.9184094730000005, 7.743542918999999, 8.012677131999999, 8.344725962, 7.801602757, 7.988915865000001, 8.08244919, 8.173952317000001, 8.098979745, 7.955580452, 7.975469722000001, 7.7513843090000005, 7.99869281, 7.866649677, 7.689893019, 7.9011801209999994, 8.085246025, 7.875266385999999, 7.988073807999999, 7.949132458999999, 8.166542248, ]
97-25	6	[8.105711466, 8.464439939, 8.21299154, 8.397959592, 8.154810132, 8.401519895, 8.608702672, 8.301210210999999, 8.557064852, 8.275025874999999, 8.23281662, 8.494761666, 8.189919643, 8.078483366, 8.236805096000001, 8.170636809, 8.535135146, 8.12960631, 8.074243382999999, 8.292119134, 8.206523154, 8.235614637, 8.35064805, 8.705927293, 8.116940157, 8.174418985, 8.193140420999999, 8.212998739, 8.587911672, 8.66730257, 8.968127224, 8.282850244, 8.334696624, 8.393700373, 8.137936855000001, 8.110349236000001, 8.18222924, 8.311511624, 8.361922859, 8.338123463999999, ]
62-22	4	[4.41283881, 4.424877747, 4.492369560999999, 4.4694361549999995, 4.562819836, 4.3438273149999995, 4.463692663, 4.485379514, 4.423766796000001, 4.44529683, 4.469968058, 4.536925647, 4.398969147, 4.6030020910000005, 4.464511542, 4.407244994, 4.482274227, 4.640304497, 4.385597716, 4.567108008, 4.603490633, 4.5006538030000005, 4.472279169, 4.487324649, 4.421861982, 4.589936646, 4.4033769650000005, 4.438793421000001, 4.418524345, 4.472948438, 4.466494861, 4.479446612, 4.461632455, 4.403069984, 4.4161318629999995, 4.379800714, 4.480429178, 4.398779536, 4.489561255, 4.459203724, ]
62-17	5	[7.840976211, 7.970073806, 7.561058608, 7.786716972000001, 8.275256395, 7.743150859, 7.693215579, 7.561362474, 7.605492708, 7.662301351, 7.7433425609999995, 7.657127200000001, 7.764546611, 7.937960010000001, 7.565960673999999, 7.981604249999999, 7.7319872599999995, 7.662304168, 8.053513995000001, 7.548665207, 8.022018855, 7.6611360809999995, 7.861188883, 7.500039597, 7.619543006, 7.645823621, 7.671905107000001, 7.928438578, 7.673247576, 7.604759379000001, 7.527757587, 7.607082845000001, 7.5323839470000005, 7.547381868, 7.479331496, 7.633378886, 7.587297064, 7.714593855, 7.840559754, 8.025357128000001, ]
115-16	6	[7.708138336999999, 7.680058590000001, 7.7574178179999995, 7.888261898, 7.663688748999999, 7.764257316, 8.214620444, 7.857339008, 7.757797678000001, 7.912780338000001, 7.7863705030000006, 8.001345202, 7.853114229000001, 7.762503333, 7.7396897419999995, 7.718210566000001, 7.6068142839999995, 7.887532971, 7.755820523000001, 7.755981466999999, 7.718876691999999, 7.691040673000001, 7.796417954000001, 7.700301815, 7.6437904969999995, 7.8189266900000005, 7.66523551, 7.795848051, 7.770092958, 7.789584812000001, 7.780945617, 7.774929627, 7.750115411, 7.782819648, 7.897936473, 7.775680982000001, 7.751665952, 7.721480908000001, 7.836719862000001, 8.106244404, ]
107-23	3	[5.0541821229999995, 4.9253030419999995, 4.902099464, 5.0820342400000005, 5.048839696, 5.024337429, 4.819859597, 5.106487739, 4.8885378699999995, 5.021808717000001, 4.900358042000001, 5.036190328, 5.023378317, 4.928808768, 5.347025824, 5.040528107, 4.832497506999999, 5.110324355, 5.004880452, 4.906080912, 5.043235503999999, 4.875023974, 4.948822076, 4.900022721, 4.9982202749999995, 4.923455986, 4.912704929, 4.927008488999999, 4.879624667, 5.007221991, 4.943268042000001, 4.816094005999999, 5.242194323, 4.937267491, 4.92967303, 5.074498614, 4.961414877999999, 4.930726428, 4.962165776, 4.969029083, ]
81-11	6	[8.149506601999999, 7.570309448, 7.83012951, 7.928716875, 7.675219483999999, 7.938337067999999, 7.743573952, 7.876745973, 7.7860976200000005, 7.962886199, 8.011577583000001, 7.978621282000001, 8.078790185, 7.767978965999999, 7.897900186000001, 7.814873220999999, 7.900106491, 7.894001230000001, 7.807037965000001, 8.016476583, 7.91101628, 7.87266258, 7.883497066999999, 7.9856084869999995, 7.871066227999999, 7.876217138, 7.851556413999999, 8.019090829, 7.905194176, 8.055395215999999, 7.712208051999999, 7.967806937999999, 7.928052361000001, 7.96826504, 8.018222333999999, 7.790430312000001, 7.7511307160000005, 8.055247952, 7.780113978, 7.98382007, ]
124-21	4	[4.424299452, 4.385721762999999, 4.646990983, 4.35627559, 4.511913077, 4.3965042400000005, 4.449290357000001, 4.529847739, 4.4346305070000005, 4.45496535, 4.399951918999999, 4.460362702, 4.449712163, 4.42251258, 4.4175248190000005, 4.483959633, 4.471464592, 4.443754544, 4.399605004, 4.502021063, 4.447078338000001, 4.6103836629999995, 4.428187663999999, 4.400049053, 4.528919954, 4.479248192, 4.644501868, 4.465422171999999, 4.47448921, 4.64030825, 4.510103011, 4.5232187, 4.476491473, 4.420346283, 4.415795192, 4.417378687, 4.440190267, 4.483685125, 4.744973232, 4.3613407319999995, ]
120-14	5	[4.554837393, 4.5271490739999996, 4.4285749270000005, 4.384361961000001, 4.611367058, 4.466500946, 4.405543667, 4.41807476, 4.419610219, 4.421324767, 4.396518678, 4.4035166939999995, 4.459008542, 4.586161605, 4.490633406, 4.3743506739999996, 4.392135349, 4.502438471, 4.427003657999999, 4.567692974, 4.397063349, 4.596658157, 4.466271215, 4.424202735, 4.643057492, 4.459511445, 4.435776880000001, 4.6009604369999995, 4.627330878, 4.42895974, 4.5197331510000005, 4.402741003, 4.422123947999999, 4.420699185, 4.416338675, 4.392355119, 4.515185015, 4.442464952, 4.446581757000001, 4.550916744, ]
120-13	5	[4.534204618, 4.379696912, 4.408744339, 4.352527009999999, 4.3917565629999995, 4.47646387, 4.352343358, 4.4802339710000005, 4.511473531, 4.449172229, 4.451872738, 4.543593062999999, 4.414402276, 4.389879699000001, 4.451344438, 4.4116897669999995, 4.5415677400000005, 4.516989848000001, 4.462179461000001, 4.396235142, 4.498051758, 4.344104418, 4.4613889890000005, 4.4525859699999994, 4.453771987, 4.50489597, 4.490074576, 4.4213267489999994, 4.4318557080000005, 4.503140942, 4.612268105, 4.399969887, 4.473330455, 4.357063912, 4.446736641, 4.484418590000001, 4.468912993, 4.456356577999999, 4.42225676, 4.444371849, ]
120-11	5	[7.861913706999999, 7.788111188999999, 7.792100115999999, 7.884126474, 7.9494911440000005, 8.218521226, 7.826614526999999, 7.819650015000001, 7.683668104, 7.915070263, 7.598509258, 7.849842240999999, 7.826627876999999, 7.832611912000001, 7.747771952999999, 7.910033695999999, 8.172355012, 7.7380332030000005, 7.736836895999999, 7.809126447000001, 7.730517751, 7.754235392, 7.886166004000001, 7.828613619, 8.20202127, 7.941222673, 7.722047914, 7.797117504, 7.590135225, 7.676287024, 7.665826383000001, 7.847065209, 7.872480219000001, 7.557914021, 7.6467306740000005, 7.595488163, 7.601756314, 7.974306847000001, 7.834588532000001, 7.699073983, ]
117-31	2	[4.676664688, 4.559532108, 4.519643767, 4.52279954, 4.548767796, 4.593979652, 4.577282532, 4.539408669999999, 4.519097214, 4.557069754, 4.615259574, 4.666957062, 4.533295654, 4.668119711, 4.529280655, 4.523225556, 4.675464766, 4.57140054, 4.566228017, 4.54506691, 4.530265989, 4.57689239, 4.634766454, 4.573047871, 4.625228984, 4.513700269, 4.886265277, 4.578726871000001, 4.569683994, 4.485753583, 4.706776908, 4.578704194, 4.513534548, 4.736793775000001, 4.565367915, 4.565554161, 4.590258404, 4.5769920090000005, 4.568654809, 4.694670652, ]
116-30	4	[4.5207057100000005, 4.697169528, 4.539769822, 4.613593399999999, 4.651795684, 4.571855320999999, 4.580101171, 4.522734118000001, 4.575218174000001, 4.56979772, 4.617927583999999, 4.568467944, 4.604356026, 4.537841073, 4.52091089, 4.7223266719999994, 4.618779867, 4.578215362, 4.5548794169999995, 4.712542619, 4.826543593, 4.503228005, 4.81620494, 4.560623963, 4.572397077, 4.545369366, 4.541134464000001, 4.606289089, 4.601875201, 4.577275316000001, 4.562149791, 4.561485824999999, 4.588099671, 4.548688589999999, 4.549409196, 4.535724078, 4.553089732, 4.538680193, 4.667202522, 4.5901913069999996, ]
118-21	4	[4.576261156999999, 4.598386142, 4.617087408000001, 4.663997063, 4.651324807, 4.559920976, 4.8594547210000005, 4.645089308, 4.562304793, 4.528935234, 4.540166370000001, 4.506696288, 4.634283156, 4.624198345, 4.534744224, 4.62645231, 4.572297269, 4.566587139999999, 4.543483301, 4.774905923, 4.66665899, 4.628122853, 4.581978251000001, 4.586462611, 4.554402865, 4.562120806, 4.683356755, 4.552431463, 4.684079642, 4.5526299120000004, 4.727670893, 4.5879293720000005, 4.592692519, 4.781337956, 4.644930608, 4.6642905589999994, 4.693778864, 4.5210244600000005, 4.5157557520000005, 5.11032988, ]
100-8	8	[8.931598631, 8.258842615, 8.907635295, 8.141762247, 8.27404007, 8.33214401, 8.194171678, 8.198000281999999, 8.09860499, 8.523938129, 8.360722391, 8.4256436, 8.040220319000001, 8.787569068, 8.241936565000001, 8.598749751, 8.032526354, 8.189558767, 8.415145094, 8.448336528, 8.057732245999999, 8.146351378999999, 8.684200186, 8.362631126, 8.268567914, 8.349076297, 8.439186888, 8.344404505, 8.344154384, 8.533230395, 8.207630656, 8.265889139999999, 8.246180396000002, 8.160865394, 8.303820104000001, 8.399042598000001, 8.494090247, 8.236630889, 8.528345585, 8.377848755, ]
100-2	8	[8.326336861, 8.612020338, 8.213511471, 8.30679813, 8.196675637, 8.305445192999999, 8.848325415, 8.236873778, 8.269093654, 8.372750785000001, 8.798926036, 8.290076459, 8.530990084, 8.28061608, 8.208655241, 8.505877461999999, 8.180898815, 8.383896347, 8.198327419, 8.105476769000001, 8.204611303, 8.362466606000002, 8.010060354, 8.164233928, 8.095149005000001, 8.308605318, 8.102620443, 8.093806408999999, 8.285732032, 8.201055545, 8.180072186, 8.416042677, 8.369135136, 8.617307629, 8.194220544, 8.107939064, 8.479337655, 8.524067667, 8.354228436000001, 8.315945418, ]
69-27	5	[8.357200595, 8.077256802, 8.038936871, 8.122790297, 8.246632728, 8.156676719, 8.439696489000001, 8.177091336, 8.217076544, 8.006879757, 8.212702829000001, 8.163249981, 8.227027961, 8.103541825, 8.533130884, 8.693732543, 8.360896593000001, 8.467765658, 8.187899698999999, 8.300020382, 8.43718904, 8.188788536, 8.609932262000001, 8.148479861, 8.550280748, 8.445596217, 8.124629692000001, 8.188251439, 8.127816077999999, 8.187088016999999, 8.367329673, 8.080833452, 9.077181819, 8.137831232, 8.242002508999999, 8.289700706, 8.137598319, 7.983444271, 8.306668568000001, 8.354128257, ]
121-2	6	[7.800344740999999, 7.715790517, 7.801486114, 7.898615134, 7.978791188999999, 7.826154015, 7.690139558, 7.6413114339999995, 8.426053084000001, 7.719940421, 7.611587113, 7.775651374000001, 7.7472278139999995, 7.965448903, 7.868459057999999, 7.482710273, 7.758737004, 7.801233946, 7.810636902999999, 7.835539891, 7.810728434, 7.862213211, 8.571206928999999, 8.079846814, 7.557519344, 7.868629479999999, 7.509253403, 7.722322483, 7.750463688999999, 7.863173388000001, 8.077817246, 7.673769978000001, 7.950082583, 7.604982061, 7.712862077, 7.960427129999999, 7.694394299, 7.753412816, 7.950186927999999, 8.191234430000002, ]
117-18	5	[7.697046684, 8.109389512, 7.847823367999999, 7.771982271000001, 7.817442736, 7.641466295, 7.816781333999999, 8.168980984000001, 8.06430236, 7.768158436000001, 7.708081909, 7.9483047209999995, 7.603436005, 7.511220182000001, 7.714228525999999, 7.937642983, 7.792047836999999, 7.815893592, 7.556528588, 7.753539824, 7.749645828, 7.787074045000001, 7.741527919000001, 7.847832669, 7.698560757999999, 7.678076237, 7.801423693000001, 8.010185081, 7.7991424590000005, 7.8132190569999995, 7.673389670000001, 7.789957008, 7.760332936, 7.806507136, 7.843477644999999, 7.597363715, 7.787668566000001, 7.870748923, 7.748260899, 7.882160267000001, ]
112-15	5	[4.707561437, 4.74390181, 4.549514422000001, 4.512893453, 4.632889715, 4.525963303, 4.515401264, 4.559042869000001, 4.715639299, 4.652740622, 4.544087119, 4.51580285, 4.581950569, 4.607282997, 4.535984844, 4.6821778819999995, 4.5763597769999995, 4.5372976, 4.59429803, 4.549868297, 4.595578977, 4.5391658150000005, 4.659152439, 4.6293798310000005, 4.62433778, 4.572508817, 4.505213419, 4.698249119000001, 4.562396075, 4.741172181, 4.575478192, 4.525604027, 4.5785814479999996, 4.570958402, 4.698977123, 4.538020488, 4.518675024999999, 4.799469138, 4.477545877, 4.563380401, ]
102-17	6	[8.052577793, 8.240580393, 8.581499011, 8.251807507, 8.121711713, 8.20779516, 8.643536461, 8.096449302, 8.071433506000002, 8.433079251999999, 8.521401813, 8.143446369000001, 8.502698456, 8.381844525000002, 8.468916838, 8.47607188, 8.18785435, 8.029995453, 7.9755660090000005, 8.281232314, 8.076075373, 8.328981671000001, 8.334319783000002, 8.202134615999999, 7.937954383999999, 7.902511324, 8.001549397, 8.047550703999999, 8.094713941, 8.124128112, 8.073570978, 8.109682145, 8.109271225, 8.168119769, 8.151260185, 8.408887345, 8.120924904, 8.194833332, 8.02542461, 8.166346748999999, ]
94-30	3	[4.487650469, 4.96902212, 4.416536663, 4.409915707, 4.4866275, 4.36216141, 4.4220437100000005, 4.4307261239999995, 4.596693609, 4.571670081000001, 4.414957172, 4.398479439, 4.3820234970000005, 4.440067206999999, 4.475449928, 4.584444199999999, 4.4442659970000005, 4.35860193, 4.401088329999999, 4.367604511000001, 5.0704872739999995, 4.5094830020000005, 4.41128142, 4.428278095, 4.4188680510000005, 4.428131007, 4.455527761, 4.362629565, 4.426987047000001, 4.516549956, 4.365311218, 4.426222413, 4.366933274, 4.433779567999999, 4.404172088, 4.475347828, 4.414992239, 4.347776392, 4.477827207, 4.413033155000001, ]
94-26	4	[7.9638704339999995, 7.73009431, 7.856059069, 7.526339883, 7.613976762, 7.50884566, 7.544606926, 7.569868731000001, 7.6667688819999995, 7.7301069149999995, 7.604647406000001, 7.958350631000001, 7.537312533000001, 7.496997566, 7.677859637000001, 7.709362874999999, 7.553119017, 7.5950111510000005, 7.503934046, 7.512497919, 7.747858281, 7.4789121860000005, 7.540414557999999, 7.782891126, 7.626869177, 7.605032208, 7.512661866, 7.622651286, 7.6132258329999996, 7.694271422, 7.5820026689999995, 7.745625278, 7.572054674, 7.52145336, 7.7715913809999995, 7.651330211, 7.608683242, 7.620648614, 7.5901478, 7.684526266, ]
73-1	8	[8.313357923, 8.130099686000001, 8.187759676999999, 8.837268038, 8.456866533000001, 8.305152598, 8.73260083, 8.242663691999999, 8.330825592, 8.342055126, 8.23436247, 7.953937665000001, 8.082194736, 8.670020088, 8.341854252000001, 8.3957787, 8.338546863, 8.153868974, 8.30444604, 8.188101163, 8.360869415, 8.08296914, 8.199106273, 8.412897924000001, 8.79592234, 8.059124748999999, 8.136220964, 8.217754120999999, 8.221173049999999, 7.976021970000001, 8.199107938000001, 8.276139946999999, 8.327951877, 8.126001808, 8.275108942, 8.126145494, 8.097708539000001, 8.423850875, 8.090505284999999, 8.375611873, ]
64-21	8	[4.93900199, 5.060272816, 4.979364317, 4.993085367, 4.846920293, 4.966265451, 4.978242449000001, 5.102686946, 4.981884677, 4.991401188, 4.95382144, 4.889991723, 5.063329747, 5.148787096, 5.038540365, 4.940254748, 5.16942256, 4.989830415, 5.002301178, 5.2503549000000005, 4.996816768, 4.981493663999999, 5.062460002000001, 4.993624797, 4.936992006, 4.928365064, 5.077603034, 4.9511542870000005, 5.084507215, 5.051678758, 4.977584643, 5.041264998, 5.026860651, 4.953349385999999, 4.971696683, 5.041986897, 4.935610876, 5.192004917999999, 4.9504155260000005, 5.080856541999999, ]
60-1	7	[7.780249496, 7.691216825, 7.716944571000001, 7.708709047, 7.7751466989999996, 7.794417275999999, 7.766522701, 7.775407175, 7.925928768, 7.795542386000001, 7.683129873, 7.861250106, 7.788405105000001, 7.980235011, 7.926173310999999, 7.732922714999999, 7.784185313999999, 7.556821642, 7.792658128, 7.7787440629999995, 7.975794465, 7.746601680000001, 7.69502752, 7.792513214, 7.622055871999999, 7.66489448, 7.751010422, 7.776666887, 7.5225980880000005, 7.8614583289999995, 7.863456738000001, 7.7382999, 8.004264074, 7.871414222, 7.971274211, 7.754254628, 7.852557741, 8.423162965, 7.893962427, 7.734549168999999, ]
118-27	3	[7.744527974, 8.019223344, 7.76655389, 7.855319365999999, 8.142936113, 7.836981875, 7.849453687, 7.851063054000001, 7.708238412000001, 7.651755357, 7.614893937, 7.824366541000001, 7.729208968, 7.76921376, 7.707359942, 7.870647319000001, 8.167171762, 7.653066632999999, 7.838157045, 7.907455264999999, 7.768472021, 7.743354389, 7.678126927999999, 8.043135032, 7.768885764999999, 7.7214122320000005, 7.658298649, 7.777792198, 8.166918952, 7.7481428779999995, 7.859002239, 8.030847324, 7.624941326, 8.040917074, 7.856742243, 7.655616256999999, 7.67330011, 7.622596497, 7.827847021000001, 7.734173103000001, ]
89-9	6	[7.804613844, 7.95561908, 7.7655888520000005, 7.9132050320000005, 7.832194336000001, 7.585342498, 8.226507980000001, 7.611818173, 7.724242697, 7.638763731, 7.750028578, 7.741347094000001, 7.831719712000001, 7.691237675999999, 7.660595964, 7.469496639, 7.791579165000001, 7.6536668059999995, 7.916615004, 7.835150679, 7.585851791, 7.696875453, 7.760122144, 7.953007381000001, 7.767173478999999, 7.807153184000001, 7.779130621999999, 7.798398101999999, 7.81411472, 8.329884339, 7.613978819, 7.6693362700000005, 7.77209305, 8.42483881, 8.060118614, 7.7688311610000005, 7.548388589, 8.132129324, 7.7357998189999995, 7.539411057, ]
89-7	5	[4.454515419, 4.475810989, 4.4033586840000005, 4.421679419, 4.446161256, 4.380120655, 4.50258631, 4.558541195, 4.511274231, 4.430658589, 4.404626231, 4.387528295, 4.4568125080000005, 4.447048505, 4.562927524, 4.37977783, 4.435456547, 4.662874769, 4.433448981, 4.505167051, 4.384442076, 4.391788771, 4.642833515, 4.425542568, 4.443714407, 4.448553163, 4.3807117600000005, 4.435032764, 4.391730805, 4.550714458, 4.448377020000001, 4.462706026, 4.4561253899999995, 4.367615706, 4.416444746, 4.447250243, 4.5767743119999995, 4.429542862, 4.4489516479999995, 4.485891259, ]
86-21	5	[4.573884966, 4.562072623, 4.730783691, 4.767697794, 4.609536137, 4.649261646, 4.546271785, 4.588341391, 4.569601609, 4.507160785, 4.805374221, 4.679240847, 4.581527307, 4.6303018609999995, 4.6244696350000005, 4.5669107360000005, 4.5789269599999995, 4.507641091, 4.600440446, 4.606179128, 4.784243841, 4.567899733, 4.579933800000001, 4.5742255279999995, 4.755704977, 4.6486582499999995, 4.786444109, 4.77389336, 4.529661299, 4.580850473, 4.748263736, 4.478914585, 4.554899484, 4.549742694, 4.750505836, 4.540099187, 4.573311052999999, 4.539090815, 4.544072757, 4.719027514, ]
125-11	3	[7.606861696999999, 7.87319224, 7.861281668, 7.625031751, 8.377868922, 7.584582470000001, 7.936840350000001, 7.680869641999999, 8.056509803, 7.651734693, 7.800232198, 7.564067818, 7.849712287999999, 7.631212398000001, 7.621354397, 7.818793210999999, 7.771045221, 7.7946646, 7.7214606120000004, 7.719696183000001, 7.742305899, 7.921743982, 7.633504669, 7.752428645999999, 7.860394741, 7.708520528999999, 7.833441624000001, 7.802914295000001, 7.7485213150000005, 7.907682926, 7.6748478019999995, 7.815709942000001, 7.783818287999999, 7.486752739000001, 7.921928768000001, 7.866462821, 7.769064704, 7.667212618000001, 8.349091123, 7.959919456000001, ]
110-11	4	[8.216149270999999, 8.018790361999999, 8.151374039, 8.426852332, 8.240120306, 8.375899722, 8.142446113, 8.169125135, 8.200752048999998, 8.092422342999999, 8.564811569, 8.166516929, 8.160540653, 8.063161733, 8.249778746, 8.061380941, 8.018431622, 8.177858325, 8.160675505, 8.236081975, 8.132973075, 8.122133972, 8.147224675, 7.893987576000001, 8.125165723, 8.192414913, 8.131653180999999, 8.045065314, 8.189032921999999, 8.262088018, 8.064177898, 7.884595513000001, 8.595213883, 8.124952357000002, 8.867991491, 8.142075809, 8.380823336, 8.000789959, 8.138474614, 8.267622081, ]
108-12	6	[4.769628696, 4.818741707, 4.853484687, 4.8887266259999995, 4.820018768, 4.795957862, 4.811709315, 4.773016013, 4.856669065, 4.92566849, 4.826158006, 4.943470138, 4.80225886, 4.8907227639999995, 4.884288984, 4.782063072, 5.008117405, 4.862865656, 4.926829912, 4.833516883, 4.795506361999999, 5.004159475, 4.7904954680000005, 4.763145003, 4.831231981, 4.71308774, 5.090386709000001, 4.881015109, 4.793918784, 4.814348521, 4.750579642, 4.779027008, 4.811352113, 4.856498232, 4.769915791, 4.803243717, 4.814861851, 4.800962258, 4.755061760999999, 4.913207634, ]
108-8	7	[8.263241749, 8.229625581999999, 8.875642282, 8.198614255, 8.246902833, 8.412442933, 8.451219577000002, 8.105613355, 8.019760257, 8.02632742, 8.275663771, 8.276793103000001, 8.847662141, 8.193392949, 8.267935387, 8.369753364000001, 8.039717436999998, 8.396505009, 7.993897139, 8.145146801, 8.021329303, 8.230709888, 8.207829364, 8.44741292, 8.092581076, 8.228728101, 8.146349015, 8.864832171, 8.108929311999999, 8.271785125, 8.144491762, 8.002367734, 8.182436477, 8.354770149, 8.14111275, 8.209407765, 8.133732461000001, 8.030641927000001, 8.220717224, 8.136489122, ]
108-7	5	[4.792816891999999, 4.803501862, 4.8547378420000005, 4.821057924, 4.830755928, 4.976982899, 4.777784048, 4.815611144, 4.772900439, 4.915990772000001, 4.941797559, 4.782191, 4.81856144, 4.885906555, 4.757944061, 4.734508646, 4.841757675, 4.827947491, 4.864815462999999, 4.8565004389999995, 4.819287421, 4.812290528, 4.827963566999999, 4.773659461, 4.769776558999999, 4.829356701, 4.852899333000001, 4.893813668, 4.863290511, 4.802105243000001, 5.10635608, 4.915773251, 4.912184345999999, 4.821908988, 4.803062517, 4.798797822, 4.882756761, 4.8063641619999995, 4.766713839, 4.791883307, ]
94-21	4	[4.423191801, 4.464232556, 4.421111954, 4.655932969999999, 4.411252865000001, 4.427253557, 4.420794754, 4.932388763, 4.5242709649999995, 4.387528455, 4.368856914, 4.4441295919999995, 4.541499838, 4.382072089999999, 4.531799886, 4.463439175, 4.441144778999999, 5.150241956, 4.4617848339999995, 4.457501659, 4.4874658, 4.400373136, 4.527090747, 4.507066745, 4.544686797, 4.440605722999999, 4.612188218, 4.438640014, 4.491265167, 4.427444751, 4.531749114, 4.411435935, 4.648670254000001, 4.38253966, 4.480102461, 4.507264222, 4.400422468, 4.490623669, 4.593771855, 4.428991406, ]
77-9	6	[8.049317949999999, 8.323200983000001, 8.327477353999999, 8.084299919000001, 7.942061923, 8.228803292, 8.250027148, 8.503028816, 8.305874119, 8.713590606, 8.073982741, 8.071200047, 8.466192368, 7.910423665, 7.993961894000001, 8.202495470999999, 8.523916456, 8.108480403000002, 8.177382286, 8.311614765, 8.182673662, 8.867978738, 8.153929376, 8.115192303, 8.383262234, 8.280020007, 8.148180695999999, 8.459485002, 8.256292095000001, 8.070110018, 8.043796342, 8.471948405000001, 8.24847141, 8.184120177, 8.240890448999998, 7.969099268, 8.248693713, 8.095235032, 8.360883609, 8.220435697000001, ]
86-15	4	[4.602682696, 4.7132116139999995, 4.591054989, 4.572102616, 4.576348627, 4.841198341999999, 4.6069954619999995, 4.5227563889999995, 4.584219044999999, 4.659030067, 4.495256782, 4.539583208, 4.512725683, 4.611999238, 4.504294104, 4.687469709999999, 4.618573631, 4.554448655, 4.601199977, 4.473765405, 4.599042478, 4.621934641, 4.46490584, 4.732099644, 4.558271459, 4.549481347, 4.539254123999999, 4.554980491, 4.493243961, 4.7081996450000005, 4.632933895, 4.526226181, 4.542850813, 4.66267489, 4.481312633, 4.596046267, 4.68310206, 4.539116382, 4.55039471, 4.5584934960000005, ]
82-16	8	[8.110441101, 7.706320422000001, 7.740185761, 7.677592674, 7.897062763, 7.901953695, 7.898272529, 7.761365811999999, 7.777465770999999, 7.773060678, 7.729062987, 7.632874881, 7.8035407889999995, 7.678415204, 8.064111036, 7.810560414, 7.660515685999999, 8.185704761, 7.888748652000001, 7.840093409, 7.727613011, 7.836407422, 7.804207592, 7.709720134, 7.864494518, 7.890521054999999, 7.625469961, 7.816048543000001, 8.116526681, 7.708399983, 7.719764424000001, 8.052512577, 7.666073415, 8.268784149, 7.738432211, 7.5985950209999995, 7.778141987, 7.748629953000001, 7.691665713, 7.741186247, ]
95-26	3	[7.618442506, 7.584971534, 7.562115508000001, 7.9019631630000005, 7.6877078469999995, 7.698182535, 7.416046542999999, 7.782902745, 7.634191243, 7.54668811, 7.604151038, 7.688689958, 7.657619188, 7.652437033000001, 7.5325766000000005, 7.594478189999999, 8.69523012, 7.616128767, 7.44308949, 8.171200586000001, 7.737803495, 7.740767052000001, 7.525375381, 7.525496279, 7.61270571, 7.638592525, 7.556870164, 7.594117075, 7.672138877, 7.553993664, 7.551380814000001, 8.358373834, 7.537780602, 7.846449762000001, 7.976407322, 7.605155698, 7.717768917999999, 7.5411082050000005, 7.67986569, 7.505165067, ]
121-20	5	[4.445297205, 4.426319261, 4.45102408, 4.433485638, 4.434848281, 4.393669072, 4.530315207, 4.619483462, 4.463750611, 4.36646768, 4.431434741, 4.5123130609999995, 4.458354861, 4.443085160000001, 4.581378647, 4.468869219, 4.440898054, 5.021749653, 4.386443203, 4.463350869, 4.393719232, 4.415290056, 4.5404753719999995, 4.471632154, 4.611615643, 4.446347788, 4.424959069, 4.629160839000001, 4.498312136, 4.460250955, 4.435922213, 4.743392668, 4.53563703, 4.454050102, 4.429194385000001, 4.417984237000001, 4.428322763, 4.464205517, 4.4498168090000005, 4.403189020999999, ]
83-5	6	[4.709390431, 4.618809151, 4.5824777480000005, 4.6288031489999995, 4.5465614720000005, 4.598368587, 4.70584225, 4.595313763, 4.630397910999999, 4.654914805, 4.569523957, 4.511871688, 4.598264471, 4.565101395999999, 4.820470800000001, 4.644197952, 4.571067868, 4.599719840000001, 4.608372527, 4.6328422, 4.569002754, 4.584104105, 4.572068534, 4.485789245, 4.726541769, 4.5767194700000005, 4.698143328, 4.625691797, 4.642650810999999, 4.74027878, 4.564472127, 4.583803787, 4.724818226, 4.563610281, 4.608058969, 4.4991380350000005, 4.767155365, 4.632653583, 4.540235019000001, 4.5775282719999995, ]
58-13	5	[4.515719091, 4.428864691, 4.33358001, 4.4163029719999995, 4.406245913, 4.540024781, 4.639346069, 4.6028169729999995, 4.460811034000001, 4.395719271000001, 4.498687573, 4.419566496000001, 4.447693264000001, 4.4015783619999995, 4.546897197, 4.457189369999999, 4.413421688, 4.418219896999999, 4.408579368000001, 4.54669592, 4.411454487, 5.1160661880000005, 4.419898567000001, 4.481958966, 4.4276175460000005, 4.454190746, 4.428420965, 4.371937718, 4.4136140500000005, 4.534399976, 4.431545599000001, 4.436435487000001, 4.427849169, 4.435447701, 4.3403111590000005, 4.427344275, 4.439793539, 4.413133929000001, 4.604283582, 4.456175484, ]
58-9	6	[7.729696847, 8.041422674, 7.699248162, 7.694327390000001, 7.561627371999999, 7.662312054, 7.758642666999999, 7.992914495, 7.975853335999999, 7.720317162999999, 7.783724997999999, 7.720725614, 7.670821610999999, 7.670291308000001, 7.64406866, 7.860803994, 7.657766033000001, 7.777429575999999, 7.924739914, 8.281560329, 7.664041839999999, 7.8542212330000005, 7.894478584000001, 7.687394575999999, 7.806373574, 7.610861474, 7.409374335, 7.669501949, 7.771847968, 7.727840359, 7.886141473, 7.945330428, 7.852486254, 8.043309814, 7.803595562000001, 7.903920171, 7.479899792, 7.654837044999999, 7.669866655, 7.952137840000001, ]
116-23	4	[4.7604498049999995, 4.550627901, 4.473502927, 4.520149621000001, 4.609767462, 4.543829838, 4.5011356110000005, 4.586114027, 4.782776625, 4.650957021, 4.598910247, 4.516182872, 4.534569038, 4.552213075, 4.518563847, 4.54542273, 4.71308, 4.551171048, 4.54830398, 4.594115845999999, 4.720070041, 4.6054044450000005, 4.576902807, 4.52675861, 4.530269979, 4.5417186449999996, 4.726946916999999, 4.6916490710000005, 4.684096508, 4.576384906, 4.573664289, 4.614555643999999, 4.619805402000001, 4.5538927319999996, 4.786132899, 4.5918043950000005, 4.563847118, 4.597723781, 4.635464853, 4.626397872999999, ]
97-4	8	[5.0548581079999995, 5.215192948, 5.1275299389999995, 5.0387155, 5.074476455, 5.053714028, 5.032243244, 5.158310211, 5.104205609, 4.9821532799999995, 5.027730807999999, 5.044349874, 5.0211493119999995, 5.053448842, 5.061708213999999, 5.068452229, 5.060177022, 4.967338668, 5.108049937, 5.053056306, 5.11975733, 5.1686273620000005, 5.039916812, 4.980486491, 5.072121435, 5.170058765, 5.077372905, 5.113595368, 5.057545301999999, 5.072411043, 5.054974029, 4.97714355, 5.115853162, 5.149441263, 4.992149739, 5.193809102, 5.037993217, 5.116766581, 5.074146315, 5.000330593, ]
84-15	5	[4.576274439, 4.581563481, 4.566668098, 4.685698518, 4.617345995, 4.573131406000001, 4.732247951000001, 4.570461073, 4.488625913, 4.639577109999999, 4.509180095, 4.570192403, 4.521939888, 4.518404070000001, 4.479297718, 4.5103403470000005, 4.5833940989999995, 4.668054542, 4.545901462, 4.675881322, 4.542315948000001, 4.504661168, 4.712263504, 4.565752677000001, 4.749656267, 4.598067265, 4.5443328240000005, 4.615631827, 4.724723892, 4.487800591, 4.566399896, 4.602489842, 4.518800731, 4.626348377, 4.564756339, 4.453073645, 4.591499523, 4.5874074380000005, 4.642110602, 4.622004456, ]
116-5	6	[4.788311934, 4.570434662, 4.573510953, 4.581981879, 4.676067273, 4.502593994, 4.697941225, 4.543819904, 4.551486681, 4.585069754, 4.6284429739999995, 4.592774909, 4.683296938, 4.713463524, 4.589856024, 4.627125463, 4.568462773, 4.551531969999999, 4.570305604, 4.6264383, 4.569558965000001, 4.645543368, 4.629909154, 4.524705655, 4.786796752, 4.553644533, 4.7440210800000004, 4.655936365, 4.572039543, 4.718269211, 4.559052, 4.710075172, 4.5814438850000005, 4.522039131, 4.599077867, 4.607513888, 4.604108572, 4.601620931999999, 4.592471024, 4.629051859, ]
98-28	6	[5.001441288, 4.893889559, 4.8922261119999995, 4.936843413, 4.915118214, 5.08208284, 4.955421276, 4.928426387, 4.982416073, 4.929458555, 4.9473553599999995, 5.012665672000001, 5.037820872999999, 4.920676385999999, 4.8432504100000004, 4.959509982, 5.0379369270000005, 4.9132282599999995, 4.999921253, 4.957182987, 4.991244047, 4.932989458, 4.957445101999999, 4.909471115, 4.860540028, 4.963362168000001, 5.1558812519999995, 4.960775172, 4.916094505, 4.831669686, 4.878214995, 4.98264595, 5.161634453, 4.950009436, 4.870006614, 4.945018868, 4.935458591, 4.880559157, 5.044202121, 4.9460497740000005, ]
87-16	6	[7.6726745880000005, 7.783579171, 7.699519028000001, 7.658551892999999, 7.916743542, 7.781006305000001, 7.777255015, 7.768274514, 7.629065318, 7.714202357, 7.926654697, 7.756752508999999, 7.708236597999999, 7.689530747000001, 8.164187895000001, 7.852359951, 7.697500891, 7.704577047000001, 7.871158568999999, 7.792413214, 7.740554230000001, 8.056955462, 7.810734201999999, 7.771081023, 7.755183520999999, 7.7273083819999995, 7.748515703, 8.090489125000001, 7.801496744, 7.818768695000001, 7.6879784959999995, 7.704908937, 7.74347868, 7.746870397, 7.631323899, 7.683101107000001, 7.728203980000001, 7.7131654549999995, 7.783201911999999, 7.7755631329999995, ]
79-24	5	[7.937113742, 8.022217337, 8.191848443, 8.12190904, 8.342292559, 8.119185443, 8.695305634, 8.115243926, 8.10621714, 8.458073099, 8.127718467000001, 8.367451968000001, 8.452144315, 8.202650251, 8.147909135, 8.178082495, 8.085678907, 8.098402556, 8.011066271999999, 8.430564668, 7.897024589, 8.132628838999999, 8.003475122, 7.942324967, 8.158427287, 8.109218410999999, 8.507164566, 8.098499795, 8.127769972, 8.2206724, 8.177525965, 8.760370048, 8.018609062, 7.996229919999999, 8.295810934999999, 8.445572169, 7.9621376150000005, 7.953756696999999, 8.226054566, 8.134093630999999, ]
63-16	5	[7.6969702710000005, 7.755012111, 7.589662465, 7.9756360619999995, 7.649485946999999, 7.551380029, 7.6744235220000006, 7.641904095999999, 7.689101878999999, 7.689257074, 7.6267380309999995, 7.590299344, 7.712863240000001, 7.790264913999999, 7.56132282, 8.067369737, 7.678391072, 7.614544085, 7.6784361720000005, 7.508726028, 7.634744906000001, 7.775061857, 7.537482645000001, 7.6724632139999995, 7.661668832999999, 7.6962429420000005, 8.264216119, 7.623736996000001, 7.7273192580000005, 7.68204886, 7.580158012, 7.921718705, 7.731133776999999, 7.503358312, 7.500956103, 7.667657672000001, 7.694239069000001, 7.53308213, 7.444410005, 7.584411852000001, ]
57-4	7	[4.512591093, 4.418362022, 4.437306742, 4.393668106000001, 4.455295597999999, 4.470466500000001, 4.584775211, 4.437999564, 4.457859579, 4.430560394, 4.346271239, 4.568500285, 4.479719769, 4.408555272, 4.502363937, 4.567551612, 4.447517521999999, 4.536105293, 4.554748895, 4.4589598100000005, 4.3867596529999995, 4.649380807, 4.410009718, 4.456803509, 4.46818736, 4.440853068, 4.463961755000001, 4.449061283000001, 4.460298818, 4.424337071, 4.433483911000001, 4.378195922, 4.529452228999999, 4.476608568, 4.47791603, 4.4647765150000005, 4.408964693, 4.445285475, 4.597590344, 4.393072274, ]
56-31	4	[4.403992656, 4.4557083770000006, 4.398866798999999, 4.4078818680000005, 4.434533932, 4.470761157999999, 4.455388616, 4.416421687, 4.555500443, 4.45350536, 4.405602558, 4.370889106, 4.424137999, 4.493177836999999, 4.469421439, 4.434843863, 4.41341599, 4.587851633, 4.409150221, 4.435907373, 4.584983708999999, 4.442560928, 4.456016087, 4.561443749, 4.412248642000001, 4.391485123, 4.425597892000001, 4.479414987, 4.40213497, 4.492609182, 4.527548133, 4.412636063000001, 4.559269103, 4.525362985, 4.432044294, 4.551586887, 4.397432702, 4.520213813, 4.444922508, 4.409416013, ]
90-15	4	[4.425747427999999, 4.427198353, 4.64074058, 4.547321676, 4.331177409, 4.424601636, 4.435821477, 4.426279754, 4.420356437000001, 4.390570171, 4.369561668, 4.589552312, 4.3877795410000004, 4.406641201, 4.429773215, 4.326038321, 4.459268596, 4.407203737, 4.454213006, 4.415781407, 4.428505735, 4.413708611000001, 4.409310112, 4.427064313000001, 4.447824399, 4.399302203, 4.473644887, 4.389302976, 4.51037025, 4.425342913000001, 4.454701266000001, 4.452113487, 4.440780282, 4.417640058, 4.345757876, 4.383914652, 4.509685726, 4.387196761, 4.41650306, 4.527667475, ]
85-21	5	[4.595207726, 4.599450472999999, 4.579931644, 4.569952529999999, 4.670822561, 4.533470617, 4.5800052099999995, 4.636104411, 4.579313411, 4.644252871, 4.611333766, 4.7221860079999995, 4.543743172, 4.594835311, 4.5673739950000005, 4.591382969, 4.556407083, 4.6056149799999995, 4.698213792, 4.565360599, 4.616721934000001, 4.605702933, 4.584458934, 4.634967476, 4.571177987, 4.625309251, 4.584149065, 4.635944705, 4.546583718, 4.737896214, 4.571889981, 4.543014324, 4.567428343, 4.5800217960000005, 4.731473384, 4.562243543, 4.604199848, 4.564962195, 4.54602875, 4.685025554, ]
52-27	5	[7.859914045000001, 7.7375355710000004, 7.9819948300000005, 7.686633754, 7.7310644790000005, 7.7931986140000005, 7.597275848, 7.8339849489999995, 7.736105736000001, 7.6524901199999995, 7.695961685, 7.711789340999999, 7.6128304369999995, 7.764564448999999, 7.794566459, 8.161400466, 7.999839464000001, 7.630783685, 7.827393087, 7.8324167849999995, 7.698920559000001, 7.70973969, 7.571692839000001, 7.754662008, 7.590820814, 7.720444347000001, 7.624487772, 8.28683621, 7.826757531, 7.723263350000001, 7.592633498, 7.698119711, 7.788571555999999, 7.660600397, 7.793466159, 7.835847006000001, 7.727936425, 8.187028958, 7.526375, 7.716790379000001, ]
52-26	6	[7.748596527999999, 7.730550833, 7.8298979189999995, 7.723879181999999, 8.009130618999999, 7.6207777740000004, 7.720310813000001, 7.593737289, 7.7257975100000005, 7.7449908249999995, 7.772975409, 7.869742158000001, 7.739187963, 7.8650042430000005, 7.714300400000001, 7.665868191, 7.721426190000001, 7.721661515999999, 8.012075957999999, 7.726909941000001, 7.6739303770000005, 7.793299434000001, 7.928065168, 7.766482530000001, 7.8927865950000005, 7.740308422000001, 7.772572746000001, 7.780945774000001, 8.268048612000001, 7.798474474999999, 8.15700388, 8.123610986000001, 7.719615323, 7.827567138999999, 7.869235093, 7.691051664, 7.994393763, 7.65154656, 7.839798181999999, 7.916714169, ]
51-19	5	[7.8342613530000005, 7.783517672000001, 7.627367501, 7.722535640000001, 7.803809955, 7.848982387000001, 7.671443482, 7.717527823999999, 7.681307949000001, 7.8059011069999995, 7.768314032000001, 8.084914194, 7.859719095, 7.74452158, 7.783612708, 7.800599195, 7.854897579999999, 7.768949748000001, 7.752393321999999, 7.739019054, 7.76246563, 7.765508124999999, 7.964637884, 8.268230931000002, 7.925709934, 7.7986879490000005, 7.850415868999999, 7.76345571, 7.845341958000001, 7.617894297, 7.633250868, 7.719555754000001, 7.8359492809999995, 7.762694016, 7.686776639, 8.149107995, 8.08829832, 7.634881805, 7.745850496000001, 8.048627134, ]
44-23	5	[4.908673575, 4.8376049089999995, 4.778297359, 4.790980948, 4.91363808, 4.836684001, 4.765431101, 4.783424747, 4.908238636999999, 4.847375592, 4.820920428, 5.046855207, 4.871113509, 4.803175503, 4.833149325000001, 4.865372144999999, 4.782718492, 4.80668095, 4.779564189999999, 4.867645884000001, 4.7761333189999995, 4.977885413, 4.777170882, 4.7996585000000005, 4.757206661, 4.831566744, 4.747672111, 4.792832721, 4.894260724, 4.770218925, 4.780047937, 4.976607511, 5.392548595, 4.821963158, 5.095740726000001, 4.7391094, 4.827245226, 4.824082948999999, 4.808124045, 4.794128029, ]
46-1	7	[8.26377773, 8.24636056, 7.990101571, 8.267242537, 8.250476330000001, 8.133928678, 8.171174988, 7.987940363, 8.480818131, 8.122678008, 8.345530629, 8.142593574, 8.387957479, 8.098016161, 8.262103265, 8.197431885999999, 8.245808910000001, 8.036193013, 8.072865178999999, 8.104087448, 8.128210905000001, 8.025563632999999, 8.257451823, 8.302711345999999, 8.201834548999999, 8.240144484999998, 7.846179872, 8.857140520000002, 8.21641497, 8.8203742, 8.020159248, 7.992789673999999, 8.177311056999999, 8.193775437, 8.75124312, 8.093297313999999, 8.133924951, 8.257732998, 8.312390967, 8.046449361, ]
45-31	3	[4.904078675, 4.984657278, 4.838580922999999, 4.826092656, 4.9625171560000005, 4.876536326, 5.043071742, 4.828049031000001, 4.900122098, 4.932938441, 4.969172711, 4.913692693, 4.902926872, 4.896798317, 5.111435599, 4.96294271, 4.813477269000001, 4.918644819000001, 4.910435319, 4.9292161430000005, 4.8724834040000005, 4.907351724, 4.840822769, 4.84285033, 5.106533839000001, 4.892827934, 5.036973404, 4.805126733, 4.894438315, 5.2183494690000005, 4.942628418, 4.838286986, 4.897068148, 4.835718314, 4.85572192, 4.9847742550000005, 4.874549334, 4.8956734310000005, 4.851882681, 4.846324761999999, ]
44-2	8	[8.188940019, 8.018964077000001, 8.711262052999999, 8.149768388999998, 7.939801337, 7.985830411999999, 8.501324243, 8.030748159, 8.978503673, 8.253682247, 8.087955025, 8.845560367, 8.187093123, 8.332338385, 8.269956851, 8.04981492, 7.979833546000001, 8.231475707, 8.057860617000001, 8.145250729, 7.994826226, 8.141923883, 8.156444284, 8.085338906, 8.354959628, 8.060484058, 8.142062982, 8.132059804999999, 8.412502364000002, 8.119147655999999, 8.354909977, 8.279198185999999, 8.233685244, 7.949853994000001, 8.197537639, 8.106614847, 8.253045042, 8.097018729, 8.208536138000001, 8.117038665, ]
52-21	6	[4.527477247, 4.652059117, 4.599367571, 4.56895507, 4.662986348, 4.758911096, 4.535139368, 4.643466478, 4.540852771, 4.559120378, 4.514140636, 4.683679742, 4.540761364000001, 4.543691442999999, 4.51263377, 4.553336705, 4.8032611119999995, 4.5092729490000005, 4.525986942, 4.575617693, 4.624777793, 4.568954324, 5.312811338, 4.5483343110000005, 4.5847917229999995, 4.715606196, 4.715759881, 4.580701918, 4.641385851, 4.593710379999999, 4.607153105, 4.531644517, 4.652765455, 4.538160942, 4.521809539, 4.5713594969999995, 4.619730779, 4.5640231600000005, 4.621279875, 4.670054596, ]
54-9	6	[7.898199856, 7.824183977000001, 7.8031046669999995, 7.878596878000001, 7.814057941, 7.799085772999999, 7.8736521569999995, 8.465462395, 8.747741674, 8.072146685, 7.933914793, 7.8220793440000005, 7.9638956599999995, 8.039210324999999, 7.9279606750000005, 7.880257331, 7.852086814000001, 7.985781256, 7.931925659000001, 7.865824745, 8.094581605, 7.650070330000001, 7.717122024, 7.958029842, 8.293858450999998, 7.842991367, 7.777950884, 7.842575285999999, 7.806825976000001, 7.766711621000001, 7.93970161, 7.8905250979999995, 7.787610632999999, 7.995060307999999, 7.783641143, 8.062305068999999, 7.950398568000001, 7.850784999, 8.175181650999999, 8.07528836, ]
53-20	6	[4.615582286, 4.640550221, 4.652455286, 4.829675253, 4.575395889999999, 4.647354946, 4.621838131, 4.544521158, 4.480542661, 4.768847374, 4.604580493, 4.529638213999999, 4.754921158, 4.705981732, 4.586720123, 4.784481649, 4.641057095, 4.5743532259999995, 4.674291027, 4.599100201000001, 4.6079474760000005, 4.581825566, 4.487033623, 4.586379471, 4.66360004, 4.686662097999999, 4.588470675, 4.570334138, 4.5856399340000005, 4.772809634, 4.809909082, 4.566175298, 4.525783854999999, 4.626064032, 4.6332037999999995, 4.583445419, 4.537468418, 4.526561224, 4.549916252, 4.548854373, ]
48-16	9	[7.724595582999999, 7.912826621, 7.911748592, 7.781293169, 7.800701716, 7.6659746239999995, 7.752521208999999, 7.675837969, 7.807053872999999, 7.836254734000001, 7.795126665000001, 7.864059633999999, 7.9910323299999995, 8.147286750000001, 7.702164850000001, 7.686210673000001, 7.8353009909999995, 7.6232552710000006, 7.887776280999999, 7.850002139999999, 7.801591934, 7.907088588, 7.829724562, 7.755634087, 7.8997648620000005, 7.737612821000001, 8.1549759, 8.149829663999999, 8.144716489, 7.684405121, 8.296289868999999, 7.64442041, 8.0447525, 7.830733732, 7.790172165, 7.744278639, 8.238962992, 7.662798678, 7.830481837, 8.028505529, ]
46-11	5	[8.164530698, 8.058146386999999, 8.295196974000001, 8.251673269, 8.181980357, 8.353904726, 8.057592632999999, 8.487951297, 8.024455957, 8.210516371, 8.250527966, 8.259316743, 7.889564727999999, 8.163401342, 8.437402319999999, 7.989270818, 8.221721808, 8.029604247, 8.299410995, 8.465870314, 8.127812000999999, 7.871736049999999, 8.133989975999999, 8.130357733, 8.030949086, 8.185234816, 8.78574193, 8.014537181, 7.99418363, 8.440287492000001, 8.221621651, 8.199755722999999, 8.265796777, 8.146314503, 8.092400906999998, 8.170977210999999, 8.180389988999998, 8.176718102999999, 8.087122007, 8.17053555, ]
39-12	6	[5.220176457, 4.960690153, 5.13551935, 5.036902178, 4.908251116, 5.000672606, 5.008615826, 5.0729906289999995, 5.011180488, 5.075521761, 5.139002071, 5.017714988000001, 5.060922336000001, 4.974643094, 4.939308974, 5.037039942, 5.0048264090000005, 5.1874079559999995, 5.000682819, 4.985110723, 4.971748664, 5.199121986, 5.025245356, 5.04878758, 4.952453429999999, 5.0228997380000004, 5.029224955, 5.156062367, 5.147811141, 4.978047165, 4.9518529639999995, 5.091474124, 5.010068005, 4.99596902, 5.067509996, 5.0077973049999995, 5.0439104, 4.980623111, 5.001558112, 5.075059657000001, ]
37-29	5	[5.033910392, 5.0098847520000005, 5.10552325, 4.95013929, 5.028928328, 4.983796986, 4.995721394, 5.025847721, 5.787065548, 5.046720561, 5.019982198, 5.052476009, 4.947995067, 5.033153332, 4.992723487, 5.063266788, 5.136892693, 5.1257071970000005, 4.996512631, 5.061387221, 5.169388336, 5.0284487570000005, 4.94846375, 4.987170613, 5.095579462, 5.041567741, 4.977346145, 5.117053046, 5.218413875, 5.070841871000001, 4.9722498, 4.982594313, 4.983376558, 5.039475562000001, 4.979740885, 5.005198505, 5.066278841000001, 4.9508727, 5.151436066, 5.004603522, ]
27-21	5	[4.480888995, 4.433412397, 4.533633996, 4.41045119, 4.440425327, 4.463416227000001, 4.4896998, 4.413406806999999, 4.423649525, 4.418552422, 4.435788326, 4.557423636, 4.519474494, 4.603606842, 4.606064713, 4.443875055, 4.397074675, 4.457851215000001, 4.456584557999999, 4.388681609, 4.3544333349999995, 4.564450915, 4.975835289, 4.412677077, 4.4810604409999995, 4.387652041000001, 4.42574455, 4.397347336, 4.406681541, 4.5183659, 4.445286902, 4.463396081, 4.416998623, 4.522483038, 4.394027833, 4.417451724999999, 4.455869507, 4.438972458, 4.419320487, 4.415423233, ]
23-2	7	[7.739343583999999, 7.983370793999999, 8.041483937, 7.883458516000001, 7.9381935200000004, 7.817230101, 7.945248136999999, 7.887343511999999, 7.929169732000001, 7.788130085000001, 7.898135777999999, 7.728806038000001, 8.071094135000001, 8.180026047, 7.798799545, 8.060786421000001, 7.861271883000001, 7.912374455, 7.807678757, 7.902107797999999, 7.839056068, 7.809799099999999, 7.946884253, 8.424409135, 7.933184044000001, 7.7140336, 7.849223955, 7.801477831000001, 7.970421386999999, 7.645380605, 8.114320626, 8.121816502, 7.828928329, 7.765874308, 8.114277241, 7.74323498, 7.877593019999999, 7.892650914999999, 7.865225089, 8.045831782, ]
13-1	8	[8.158484948, 8.317732679, 8.245661188, 8.270009779, 8.371984921000001, 8.276267127, 8.466959847, 8.286663488, 8.04395244, 8.196009800999999, 8.213601996, 8.264945193, 8.125776883999999, 8.138459733, 8.449881587, 8.469085225, 8.349740970000001, 8.109768681999999, 8.1167127, 8.258737477, 8.068608985000001, 8.047877229, 7.969344223000001, 8.192434811, 8.209122744, 8.855144237, 8.300524116, 8.238744453, 8.326879254, 8.284625713, 7.890594242000001, 8.202800063, 8.257244778, 8.248448104000001, 8.410263903, 8.187703423, 8.26863758, 8.113366469, 8.793062512, 8.453637877, ]
6-4	9	[4.932975051, 4.9178368279999995, 5.00673637, 4.923098764000001, 5.0046446399999995, 5.043380214, 4.983426422, 4.9767162129999996, 5.0597878960000005, 4.964252199000001, 5.029333709, 5.119368795, 4.9118866709999995, 5.064815279, 4.953002403, 4.960863445, 5.050435631, 4.939278498, 5.019948411, 4.868792571, 5.2682402349999995, 4.992875969, 5.019147385, 5.003717364, 4.886295453, 4.995597674, 4.953875104, 4.872039035, 4.952526022, 5.0961847119999995, 4.9683439609999995, 5.016994886000001, 4.937196581, 5.021526499, 4.961073617, 5.011087952, 4.841910391, 4.919297584, 4.866107164, 4.910521805, ]
33-29	6	[4.9694098890000005, 5.101602212, 4.998410861, 5.1091682810000005, 5.018219135, 5.105085631, 5.119235981, 5.070528537, 5.082481083, 5.083788013, 5.026185414, 5.089243196, 5.067906124, 5.016531502, 5.100386235, 4.971514458000001, 5.008584318, 5.18207244, 5.137770103, 4.969005409, 5.00474287, 4.993764027, 5.027931062, 4.932304182, 5.011091256, 5.12398924, 4.992986936, 5.19085688, 5.020521824999999, 5.15942214, 5.09876559, 4.992092402, 5.020683313, 5.105411748, 4.995054895, 5.13804976, 4.970598042, 5.042241539, 5.067873624, 5.0012107100000005, ]
31-10	5	[7.741430545999999, 7.784482161, 7.658666566, 7.568720013, 7.914023646, 8.493608222, 7.835325216999999, 7.654386742, 7.617822994, 7.989781809000001, 7.742825482000001, 7.852300403000001, 7.760595412000001, 7.855068339, 7.767398884, 7.733128427, 7.974017858999999, 7.885779752, 7.545135837, 7.693379969, 7.70506732, 7.7913039, 7.699264307, 7.931565769, 7.654916869000001, 7.688467879000001, 7.661300368000001, 7.818409506000001, 7.90226073, 7.65246634, 7.668505176, 7.8503883299999995, 7.793098321, 7.987974153000001, 7.893022698000001, 7.654144991, 7.864447078, 7.601787081, 8.057314252, 7.655893144, ]
30-27	4	[7.532919309, 7.552814648, 7.728509774000001, 7.882308911, 7.612724577, 7.67613853, 7.603499854, 7.5968740409999995, 7.593172608, 7.888218477, 8.105716468999999, 7.933018377999999, 7.530765757, 7.975021515, 7.572213129, 7.621281222, 7.588523995, 7.550664493999999, 7.602543109999999, 7.5649615930000005, 7.517496532, 7.725104109, 7.566539002, 7.5058727759999995, 8.148240025, 7.748340757999999, 7.694484565000001, 7.494447936, 7.58246472, 7.579639064, 7.6248866600000005, 7.526890172, 7.5822714399999995, 7.623493445, 8.045081949, 7.682885485000001, 7.657761327, 7.59558455, 7.566851651, 7.615580287, ]
30-25	5	[7.4643427849999995, 7.998126675000001, 7.664777139, 7.6612146690000005, 7.642820443, 7.646840119, 7.628897422, 7.61599707, 7.6435130650000005, 7.601397819000001, 7.698650258, 7.624060484, 7.944391127, 7.584610477, 7.935688518999999, 7.690359431, 7.6580014279999995, 7.683786093999999, 7.4892436700000005, 7.974295874999999, 7.657220559, 7.539757806, 7.579385825999999, 7.936314046000001, 7.641303648999999, 7.604430926, 7.5584869580000005, 7.718969604, 7.539494763, 7.713541487, 7.572678702, 7.761656196000001, 7.703067063, 7.866048221999999, 7.670951216000001, 7.4970996869999995, 8.096069024, 7.629958059000001, 7.546213685000001, 7.5651733310000004, ]
29-19	5	[7.462645973, 7.565328221, 7.500299008, 7.663515712000001, 7.5831965320000005, 7.786570478000001, 7.717728458000001, 7.62646273, 8.511231346999999, 7.950371753999999, 7.516420778, 7.476682010999999, 7.682818016000001, 7.632226928000001, 7.489861059, 7.596667397999999, 7.640072568, 7.649253595, 7.56333577, 7.615190656, 7.6292548469999995, 7.649179807, 7.939244659000001, 7.600971202, 7.653861929, 7.6609005230000005, 7.5726698919999995, 7.608500908, 7.744390971, 7.759772451, 7.620213163, 7.622569424, 7.616587596, 7.855885402000001, 7.672973342, 7.652704885, 7.768345108999999, 7.665210039, 7.993858186, 7.697107908, ]
28-27	5	[7.866152895000001, 7.689517684999999, 7.934608629, 7.989895526999999, 7.554823422, 7.573342349, 7.6922077799999995, 7.579478052000001, 7.649091169, 7.528430573, 7.780496637000001, 7.723250119, 7.814804570000001, 7.583954878, 7.604410958, 7.544292067, 7.786302153, 7.5731507790000006, 7.660780128, 7.618113138, 7.590977871, 8.061890406, 7.657883119000001, 7.624995263000001, 7.579222149, 7.689378980999999, 7.610969466999999, 7.633159050000001, 7.547296011, 7.665107352, 7.6358463930000005, 7.356863019, 7.724208707000001, 7.469867044, 7.704726958, 7.60406805, 7.581601762, 7.556512983, 7.942845981, 7.804262852, ]
27-11	5	[7.792934227, 7.7673648669999995, 8.031094493, 7.562353127, 8.013293509, 7.7395322, 7.652496911999999, 7.957808476, 7.885692455, 7.815644927, 7.63934227, 7.738338767, 7.887944900999999, 8.168907104, 7.7899730929999995, 7.816775208999999, 7.884043631, 7.715753279, 7.704258582, 7.508774758, 7.620109062, 7.668292788, 7.663243886, 8.192652987999999, 7.679928127, 7.829179097, 7.744128424, 7.826109623, 7.875454239000001, 7.748375073, 7.909216224, 7.9251294350000006, 7.810634815999999, 7.905133182000001, 7.662815922, 7.7600219379999995, 7.789022732, 7.719580897000001, 7.745008034, 7.769766949999999, ]
23-17	6	[7.589353392, 7.869402591, 7.818853796000001, 7.741880982, 7.557558118, 7.695376242000001, 7.733189695999999, 7.698957922, 7.873315224000001, 7.699901268, 7.817634588, 7.760144235, 7.932267835, 7.972369486999999, 7.812647247, 7.736631444, 7.828188303000001, 7.887916322000001, 7.653819696999999, 7.770959651, 7.8866651150000004, 7.847625096, 8.064783247, 7.781439025999999, 7.660333575000001, 7.843662804, 8.139466149, 7.758130604, 7.8758706300000005, 8.218363625, 7.798666595, 7.650171583999999, 7.750574091, 7.618298522, 7.756454517, 7.816181308999999, 7.790420643000001, 7.77922364, 7.868323937, 7.621974559, ]
22-11	6	[7.699028821000001, 7.658704545, 7.991351032000001, 7.629003431, 8.049054734, 7.837409656000001, 7.966099021, 8.125130132999999, 7.901229818999999, 7.8858960069999995, 7.849698356999999, 7.872043378, 7.771251317, 8.146001738999999, 7.927643998, 7.970480299, 8.005862894, 7.811930058999999, 8.209155127, 7.809014952, 7.728688443, 7.744719919, 8.012729458999999, 8.106344003, 8.237202906, 8.520972355, 8.003047220000001, 7.7199114579999994, 7.998237588, 7.538933517, 8.050142957, 7.927714238, 7.729462919, 7.899902685, 7.720552178, 7.6935678979999995, 7.992885596, 8.057501006999999, 7.652877798, 7.984361142999999, ]
18-0	10	[8.071174384, 8.001835160999999, 7.738537792, 7.927355778000001, 8.04245271, 7.996765365, 7.774177062000001, 8.004654406, 7.969325939, 8.023559020999999, 7.859963998, 7.74974657, 8.079379136, 7.745670328, 7.914382899, 7.832386387, 7.720022461000001, 7.836073129, 7.865317701, 7.98618861, 7.918519107999999, 7.814331773000001, 7.868028641, 7.982678713, 7.785618028, 7.912699774, 7.863787803000001, 7.771128484, 7.903314834000001, 8.596913664, 7.752429807, 7.9638145499999995, 8.008658886000001, 7.826214389, 7.881052035999999, 7.619501843999999, 7.816626134, 7.900795077000001, 8.012917823, 8.049008524, ]
17-8	9	[7.762538417, 7.863466676, 7.9503902580000005, 7.760215712000001, 8.018847165, 7.947698357000001, 7.769065960000001, 7.866614046, 7.784695380999999, 7.807025464, 7.7944600479999995, 8.173936366000001, 7.716395642, 7.690153212999999, 7.858356553, 8.119171546, 8.107552940000001, 7.862693985, 7.945414236, 7.949914426, 7.821465935, 8.156976369, 7.912698766999999, 8.007483021999999, 7.822729139, 8.077357319, 7.708714028000001, 7.859803281, 7.719841637999999, 7.733955287000001, 7.753690516, 8.102268918, 7.850148905, 8.168864995, 7.927131362000001, 7.817916042999999, 7.810986282999999, 8.171296760999999, 7.754479688999999, 7.947348541999999, ]
16-1	10	[8.03131364, 8.017674005, 7.855146756, 8.201141189, 7.739636894000001, 7.974735515000001, 7.774381863000001, 7.937105572000001, 7.748445454, 7.900412446, 8.446339205000001, 7.667065401, 8.868183096000001, 7.969572122, 8.048542810999999, 7.812700417, 8.145204692, 8.170521198000001, 7.924786823, 7.8225796480000005, 7.789999688, 8.322992898999999, 7.730787034, 7.710582639, 7.778995634999999, 7.813470151, 8.026455229, 7.778781828999999, 7.847331069999999, 7.838642124000001, 8.214458904, 7.938043528, 8.008866871, 7.903259182999999, 7.870084947, 7.867493625, 8.015731428999999, 8.341945724, 8.022602656999998, 7.633439024, ]
13-4	8	[4.922715960000001, 4.779972037, 4.8904481220000005, 4.945030624, 4.9147652310000005, 4.835460804, 4.901245918, 4.923218588, 5.030263773, 4.879876588, 4.979095972, 4.966782951, 4.925431447, 4.970956981, 4.893012929, 4.906597126, 4.828070643999999, 4.931112779, 4.838620318, 4.884807404, 5.001230834, 4.9797070219999995, 4.897869312, 4.972039956000001, 4.914672596, 4.83016272, 4.915480395, 4.953880692, 4.814586011, 4.909797382, 4.964721985000001, 4.841782402000001, 4.922133038, 5.025911667, 4.903232803, 4.923905381000001, 4.886122653, 4.927878564999999, 4.817662029999999, 4.948432007999999, ]
28-17	7	[7.705804597999999, 7.715483267, 7.688934362, 7.553875851, 7.553511427, 7.6726405049999995, 7.959740086, 7.630113734000001, 7.572374249, 7.649968019999999, 7.811488688000001, 8.055340371, 7.492411453, 7.599734232, 7.743633962, 7.73847681, 7.544974402999999, 7.704875557, 7.733805751, 7.532449486, 7.649873124, 7.922465429, 7.6497845049999995, 7.5726936700000005, 7.5325671729999994, 7.423927957, 7.694047350000001, 8.078559276, 7.529359168, 7.773255747000001, 7.77953032, 8.083503474, 7.805505285000001, 7.535687472, 7.516542521, 7.593266787999999, 7.506299993, 7.772698277000001, 7.663696677, 7.545015159, ]
21-9	7	[7.903366287000001, 8.066549165, 7.738579069000001, 8.10201898, 7.958038423, 8.205830146, 7.901512476999999, 7.845843404000001, 7.7934922460000005, 7.861264273, 7.740093, 8.566460002, 7.980906693, 7.940816982, 7.952944938, 8.594770969999999, 7.956724243999999, 7.684190170000001, 7.685899333, 7.854183021000001, 7.738214101, 7.951583735, 7.776686662, 7.813028345, 8.153889856, 7.79976071, 7.716380854, 8.017248753999999, 7.905114587, 7.828836883, 7.632766563000001, 7.849128714, 7.763073756, 8.024652003, 7.675968331, 7.883115180999999, 7.957890083999999, 7.9114313130000005, 7.944250966999999, 7.732689272000001, ]
11-6	7	[4.888859075, 4.847218528, 5.030055587, 4.917194854, 5.005408409999999, 4.930412258, 4.902720005999999, 4.874733305, 4.920161371, 4.967758795, 4.9981912610000006, 4.937775885, 5.010859985, 4.8978607610000005, 5.025216387, 4.884038042, 4.944306226, 4.879903421, 4.8541539910000004, 4.9196723350000005, 4.95910134, 4.934841455999999, 4.79236899, 4.881145245, 4.946186957, 4.931092694, 4.886895208, 4.868601379, 4.916576038, 5.088980545, 4.901117046, 4.812695205, 4.9206475350000005, 5.078631702, 4.99422403, 4.951733829, 4.910516757, 4.889099495, 4.95894373, 4.9536433209999995, ]
10-31	5	[4.774256194, 4.779601311, 4.818871280000001, 4.817135318999999, 4.723145014, 4.897006076, 4.961208651, 4.751657972, 4.8792316399999995, 4.774496873, 4.768468996999999, 4.752536975, 4.8392907450000004, 4.851780483, 4.912393316, 4.755250681000001, 4.830169151000001, 4.798055926, 4.767635269, 4.77478741, 4.771994486, 4.8023821810000005, 4.957770840999999, 4.88038068, 4.789467204, 4.838382878, 4.839522058999999, 4.77366673, 4.795749142, 4.795662146, 4.951172524, 4.863832299, 4.866306722999999, 4.811464386, 4.848992236, 4.799897014, 4.9373504740000005, 4.97235687, 4.804708689, 4.788318057, ]
8-8	10	[8.061260635, 8.114954431, 7.889581372, 8.144295767, 8.201583755, 8.478693294, 8.383945665999999, 8.120826433, 8.025311766, 8.117199158, 8.065178371, 8.597253703, 7.990021701, 7.922538243, 8.687165486000001, 8.044373906, 7.926735242000001, 8.072548567, 8.021359166, 8.234139595, 8.299531472, 8.080705892, 8.114769426999999, 8.019991637999999, 8.399462761999999, 8.247013049, 8.110338786, 8.010613934, 8.12774671, 8.222908036, 8.077747054, 8.297265320000001, 8.066372423, 8.007317153999999, 8.395756268, 8.022464991, 8.376711972999999, 8.202767141, 8.117131479, 8.052335387, ]
6-11	7	[8.496630668, 8.339074441000001, 8.310005922999999, 7.9640545, 8.171680052, 8.347449565, 8.204432137, 8.32710362, 8.446612567, 8.458858724, 8.276401342, 8.363952004, 8.434387276, 9.005511135, 8.291988833000001, 8.135519597999998, 8.894872607, 8.406656652999999, 8.166740780000001, 8.296433964, 8.339882738, 8.354110643, 8.165323149, 8.160572219999999, 8.23667335, 8.418985116, 8.237974659999999, 8.194640261, 8.36251289, 8.353286427, 8.119699418, 8.33666558, 8.394989951, 8.190062110000001, 8.294827777, 8.302308089, 8.269601066, 8.262478924, 8.23801614, 8.418693489, ]
17-17	8	[7.8068512409999995, 8.266576852, 7.7830834190000004, 7.757251075999999, 7.8082452369999995, 7.803747131, 7.932391454, 7.806964795999999, 8.274375835, 7.8797269850000005, 7.750680889000001, 7.589232872, 7.76635428, 8.254130141, 7.759913202999999, 7.774075336000001, 7.748560391000001, 7.737854236999999, 7.8682999659999995, 7.687768935, 7.668167511, 7.793775903, 7.95187838, 7.959983026, 7.712562621, 8.198661549, 7.747254277000001, 7.826865056, 7.7356012000000005, 7.744457070999999, 8.320120229999999, 7.898651264, 7.721166247999999, 8.158283985, 7.759496587, 7.839238443, 7.7671235229999995, 7.751791229, 7.79483757, 7.792461467999999, ]
31-29	3	[4.956608028, 4.465193844, 4.38883563, 4.414927769999999, 4.411508834999999, 4.351349177, 4.301212001, 4.389255654, 4.376277065, 4.539102354000001, 4.399639642, 4.383936658, 4.49624054, 4.442935254, 4.435146457, 4.465224441, 4.555963193999999, 4.506356982, 4.522417598, 4.370370478, 4.4487844469999995, 4.395612443, 4.590212867, 4.412496165, 4.392822004, 4.40266008, 4.384197309, 4.428814473, 4.53078988, 4.444253067, 4.504771797, 4.416222742, 4.417775522, 4.416037643, 4.366994062, 4.484728555999999, 4.386429413, 4.396616103, 4.419999602, 4.3635519700000005, ]
11-25	6	[8.148356029, 8.254536272, 8.378121561999999, 8.110834465, 8.228598162, 8.187275985, 8.077281403999999, 8.226060187, 8.239307060000002, 7.961513932000001, 8.051570457, 7.938828384, 8.291985557, 8.109911554, 7.977741056999999, 8.087766459, 8.140972617, 7.997564212, 8.321150724999999, 8.121327921, 8.133160565, 8.443383517000001, 8.066037072, 8.187245035999998, 7.984612323, 8.09796513, 8.118054408, 8.049092556, 7.992489162999999, 8.120335762000002, 7.941214851, 8.446122029, 8.101693212, 8.011753301, 8.176792251999998, 8.168234798, 7.974357273000001, 8.04516192, 8.187177191, 7.993535435, ]
10-12	8	[4.89651752, 4.928586417, 4.797565568, 4.79887498, 4.776890317, 4.7666524830000006, 4.807617604, 4.836491263, 4.754619745, 4.930921155, 4.758032893, 4.838665244, 4.911171557, 4.863918271999999, 4.861799111, 4.844842917, 4.800955967, 4.952205306, 4.987422366, 4.799767524, 4.7543858519999995, 4.810379234, 4.7808498319999995, 4.825055348, 4.792591685, 4.898677492999999, 4.829039988, 4.844097669, 4.80522881, 4.837699346, 4.781739984, 4.8126431389999995, 4.772362678, 4.795576819, 5.029172936, 4.785116599, 4.758819158, 4.878747253999999, 4.838631723, 4.849953045, ]
0-12	10	[4.982020957, 5.03605383, 4.953802735, 5.0540385830000005, 4.955706705, 4.895512032, 4.963246321, 4.973227964, 4.9228307959999995, 4.918689618, 4.888784024, 4.9332847619999995, 4.924671538, 4.9893094819999995, 4.9126895489999995, 4.976597083000001, 4.972255896, 4.938812138, 4.917450896, 4.915787996, 5.007526299, 4.9902373639999995, 4.870120890999999, 4.973086323, 4.989773875, 4.9283104909999995, 4.904728854, 5.025705585, 4.92236226, 4.950509388, 4.915283204, 4.882907307, 4.897319328, 4.892298426999999, 4.9806180289999995, 4.940295892, 4.965104117, 5.117927246, 4.966719386, 5.085679803, ]
10-7	7	[4.796352164, 4.8221280790000005, 5.07405075, 4.80988648, 4.890203806000001, 4.830432076, 4.845575181, 4.97289589, 4.781546524, 4.842113746, 4.904209023, 4.7803726950000005, 4.901006656, 4.9315981859999996, 4.891559937, 4.7794112460000004, 4.820146791, 4.834901391, 4.859021145, 4.799116425, 4.818701347, 5.012918224, 4.803831005, 4.861647661, 4.827927541999999, 4.914571797, 4.853069667, 4.954442817, 4.7500440710000005, 5.366313509, 4.739854049000001, 4.880234168, 4.93163056, 4.90409573, 5.009853672, 4.733680369, 4.823647236999999, 4.857766874999999, 4.830036945, 4.817012758, ]
10-6	8	[4.745837892, 4.821236723999999, 4.803032209, 4.940036472, 4.8310153389999995, 4.7888514, 4.729947509, 4.799640691, 4.782740047, 4.890976065, 4.833046864, 4.990858749, 4.81295702, 4.818129099, 4.938082915, 5.051940574, 4.802688188, 4.887734393000001, 4.856787173000001, 4.838813565, 4.875080754, 4.8795534400000005, 4.8224768220000005, 4.89971829, 4.787124441, 4.8001278, 5.011113377, 4.812511334000001, 4.760516877, 4.826771007, 4.787402007, 4.904245114, 4.851419195, 4.825384049999999, 4.804986246, 4.904430602, 4.736463822, 4.754609373, 4.76164378, 4.78979022, ]
8-23	7	[4.752800247, 4.8066802189999995, 4.909105573, 4.753353789, 4.779071000999999, 4.878438185, 4.827938163, 4.808310988, 4.801550196, 4.809908863, 4.930808216, 4.74654122, 4.957151367000001, 4.891394106, 4.78591465, 5.051246227, 4.766713827999999, 4.808182025, 4.8621060169999994, 5.292073942, 4.759726349, 5.469387512, 4.768208693, 4.863865002, 4.787471827, 4.8694331790000005, 4.82613099, 4.84124081, 4.800968173, 4.827587027, 4.902265172, 4.987698484999999, 4.844125523, 4.889509608, 4.844703709, 4.867985882, 4.7898147710000005, 4.8199317399999995, 4.777890024, 4.913295865, ]
5-3	8	[8.286047017000001, 8.438268371, 8.22875622, 8.293319328, 8.592705724, 8.165622777, 8.402948314, 8.142541313999999, 8.590494290999999, 8.357430545, 8.27634987, 8.365857547000001, 8.443310748, 8.384051862, 8.901819767, 8.275733763, 8.237588985, 8.630022767, 8.3837616, 8.315144545, 8.278421047, 8.313176501, 8.173909918, 8.431772794, 8.258866432, 8.368068872, 8.474078772, 8.3864778, 8.568076881, 8.904309171000001, 8.506445413000002, 8.570413384999998, 8.288934106, 8.348730341, 8.954629097, 8.575838552, 8.354592691, 8.606189529, 8.112317286, 8.530808912, ]
