34-3	8	[8.461769002, 8.037776133, 8.166393978, 8.158208235, 8.116937945, 8.261187021000001, 8.334537772000001, 8.860707561, 8.792498431999999, 8.29214113, 8.393735377, 8.208342425, 8.463172048999999, 8.342141698, 8.149196666, 8.348534343, 8.142526009, 8.317888554, 8.079988293, 8.360950082, 8.299048659, 8.17603175, 8.082299104, 8.113168679, 8.198780831, 8.242967797, 8.136407964, 8.626032521, 8.224009883, 8.305919479, 8.135964905, 8.312621986, 8.875787113, 8.231506503, 8.385152561, 7.929053176, 8.220082736, 8.220052704999999, 8.252984409, 8.217587924, ]
35-31	4	[5.202153705000001, 5.195096552000001, 5.162695631, 5.250350822000001, 5.190795163, 5.141113293, 5.1367932540000005, 5.276521045000001, 5.165885326, 5.256469247, 5.363982555, 5.218483942, 5.367764338, 5.125628741, 5.268568986, 5.172101271, 5.25405442, 5.171535428, 5.17442999, 5.202073652999999, 5.194301609, 5.060030265, 5.175391594000001, 5.148312794, 5.196219559, 5.076606848000001, 5.226558935, 5.2009786149999995, 5.287604801, 5.167707332, 5.080490943, 5.288333317999999, 5.083156057, 5.159360756, 5.182565751, 5.101134498, 5.089755736, 5.196609764, 5.114271773, 5.252428378, ]
41-13	6	[5.182160432, 5.169624007, 5.04939548, 5.173574508000001, 5.1300010259999995, 5.0273313349999995, 5.010452829, 5.057629975, 5.0873159590000006, 5.1198927460000005, 4.990530624, 5.003573401000001, 5.12446792, 5.047669868, 4.931610458, 5.0439297849999996, 4.910256021, 4.998193245, 5.004288431999999, 5.03247094, 4.995006502, 5.022394448, 5.029471049, 5.008691746999999, 5.052639083, 4.9665210570000005, 5.106014171, 5.027459100000001, 5.169776685, 5.06590643, 4.972587807, 5.0368008280000005, 5.01851618, 5.225120169, 5.155150933000001, 5.059292934, 5.016323686, 5.033080410999999, 5.0369270319999995, 5.113337331, ]
42-19	6	[8.111591567, 8.141314916999999, 8.413144552, 8.195927060999999, 8.444097336, 8.347848341999999, 7.978167236, 8.203414009, 8.164934309, 8.148304001, 8.391408301, 8.094811834, 8.19521054, 8.086927993, 8.084248128999999, 8.127385314000001, 8.218623298999999, 8.204847894, 8.068829430000001, 8.113283594, 8.0616927, 8.030414666999999, 8.175289596, 8.139285461, 7.9519658920000005, 8.491093661, 8.01995173, 8.043811323000002, 8.308119719, 8.095877379, 8.391709248000002, 8.112863511, 7.990253622, 8.122401784, 8.09927761, 8.178841538, 7.981098059000001, 8.047859011, 8.097163361, 8.06238059, ]
36-3	8	[8.435087409, 8.371511251, 7.972933207, 8.600419038, 8.292873847000001, 8.332345802, 8.400700430999999, 8.372605005, 8.288360288, 7.984633455999999, 8.303401708, 8.265462824, 8.371021174000001, 8.076920869, 8.201930283, 8.790201975, 8.348017264, 8.258680925, 8.339840125, 8.485461978, 8.607530363999999, 8.067205273999999, 8.183044638, 8.570682086, 8.371475271, 8.307337385, 8.403156019999999, 8.311660306, 8.340516118, 8.249460767, 8.805258775, 8.088464573, 8.22551925, 8.231232229000002, 8.282266086, 8.468486535, 8.274939349, 8.240827621000001, 8.209597117, 8.198327897999999, ]
35-9	7	[8.2672873, 8.107623019, 8.443129955, 8.460309994, 8.348425145, 8.596261312000001, 8.457817979, 8.371514747, 8.080579355, 8.317508968, 8.446706449, 8.384830618999999, 8.312757108, 8.061890552000001, 8.344059055999999, 8.572988514999999, 8.29932291, 8.276801379, 8.223167753999999, 8.193339323, 8.462734849, 8.226183788, 8.376611217, 8.385264426, 8.417966013000001, 8.056155422, 8.457922829000001, 8.484348237999999, 8.305365122, 8.374382264, 8.335099771, 8.582887568, 8.085311836999999, 8.27113647, 8.235864307, 8.394852033000001, 8.467560471, 8.268929801999999, 8.315568503000001, 8.204969439, ]
56-5	7	[4.672535471, 4.704983398, 4.552247760999999, 4.75719412, 4.56124972, 4.656724887, 4.5453176619999995, 4.712478141, 4.556662352, 4.583845442, 4.562614699, 4.58330072, 4.569011765, 4.597572863, 4.571131656, 4.668966151999999, 4.6120824879999995, 4.5819992119999995, 4.547046948, 4.573575976, 4.561130805, 4.580557462, 4.5784191540000005, 4.545077906, 4.6795880830000005, 4.7364394999999995, 4.735695913000001, 4.582771403000001, 4.525192963, 4.485649706, 4.558948975, 4.5412074680000005, 4.545754688000001, 4.594935261, 4.6190674220000005, 4.708803029, 4.6396586630000005, 4.592172051, 4.7522159859999995, 4.536609242, ]
127-23	1	[4.570475908, 4.531325139, 4.575913292999999, 4.600634072, 4.744833699, 4.658959943, 4.571273165, 4.582575491, 4.719984728, 4.853365533, 4.587451053, 4.530298895, 4.557545156, 4.974498544999999, 4.529754243, 4.580580113, 4.607209612999999, 4.496348461, 4.555867841, 4.649139065, 4.542990642, 4.553077375, 4.568177979, 4.519819407, 4.633170391, 4.554253867, 4.92280448, 4.731457274, 4.807658955, 4.926983708, 4.582605783, 4.663972877, 4.617367604, 4.612856238, 4.5863877760000005, 4.536494409, 4.774396271, 4.554079765, 4.586422023, 4.695967371, ]
126-0	6	[7.791815767000001, 7.598410561000001, 7.74131852, 7.773204714, 7.809993068, 7.72915527, 7.9431203649999995, 7.731220721, 7.858713520999999, 7.673708294, 7.825586409, 7.809173099, 7.627714501, 7.66346139, 7.726720923, 7.744807807, 7.9472626900000005, 7.685051143999999, 7.966277596, 7.446687025999999, 7.823937668, 7.815191331, 7.7833620759999995, 7.782991263, 7.776008492, 7.768782184999999, 7.81581831, 7.796735152, 7.895253840999999, 7.791100238, 8.038947773, 7.853877006000001, 7.929420874000001, 7.831115467, 7.511466223, 7.666195169999999, 7.851099019, 7.736144023999999, 8.016796486, 7.940744598000001, ]
114-30	4	[4.695834134, 4.831880317, 4.680488174000001, 4.8829837000000005, 4.697169262, 4.669195288999999, 4.855558889999999, 4.703348358, 4.628427935, 4.689549926, 4.694046311, 4.663801379, 4.848727544, 4.680084832, 4.8203918969999995, 4.829883431, 4.6241751650000005, 4.700994922, 4.634072339, 4.718340343, 4.662449005, 4.8049874500000005, 4.681977038, 4.6928102869999995, 4.6806695110000005, 4.9833251700000005, 4.804478545, 4.679013252, 4.628449078, 4.644671585999999, 4.690188317, 4.694729816000001, 4.791766539999999, 4.706050497, 4.878875616, 4.670008621, 4.69094984, 4.792575387, 4.828401824999999, 4.7787299160000005, ]
98-11	6	[8.322558348000001, 8.247067091, 8.842141179, 8.359187201, 8.297360937, 8.225377246999999, 9.116556995, 7.893681699999999, 8.122762393, 8.312914147, 8.133680279, 8.50200795, 8.209486715, 8.275743227, 8.291049565, 8.221519807, 8.241111686, 8.212142182000001, 8.174831806, 8.286034858, 8.185520978, 8.066565773, 8.297046981, 8.262495763, 8.222147872, 8.293724730000001, 8.336870334, 8.036134428, 8.354165894000001, 8.246083535, 8.269471325000001, 8.294156980999999, 8.316664688000001, 8.352313907000001, 8.236036567, 8.135104427, 8.336577455, 8.274886832, 8.264373821, 8.576177215000001, ]
81-6	7	[4.698162751, 4.848502397000001, 4.893811986, 4.912977678, 4.691301707, 4.6972879579999995, 4.710443028, 4.7351641419999995, 4.755251046000001, 4.719868441, 4.6736896230000005, 4.802505501000001, 4.649065585000001, 4.835194041, 4.661373322, 4.6077947990000006, 4.721643356, 4.752132026, 4.7913655539999995, 4.673856977, 4.74358569, 4.704194262000001, 4.685590790999999, 4.72194518, 4.595856211, 4.59460258, 4.633884741, 4.6849067710000005, 4.652933581, 4.687757662, 4.790597335, 4.66660535, 4.714067196, 4.683941657, 4.725850506, 4.752301096, 4.785116924, 4.772797461, 4.633290002, 4.746705756, ]
71-7	5	[5.2205814550000005, 5.131646882, 5.1319829200000004, 5.1564301619999995, 5.1792919820000005, 5.42984255, 5.147351647, 5.137332044, 5.226811528, 5.1262117599999995, 5.235242824, 5.176740602, 5.234548277, 5.1984841610000005, 5.3232106130000005, 5.175182973, 5.121904346, 5.197438197, 5.291917904, 5.143346049, 5.1349840659999995, 5.320292332, 5.187413008, 5.153587479, 5.1776457549999995, 5.297464602000001, 5.235225052, 5.345052176, 5.197564771, 5.150247547, 5.120440795, 5.136559972000001, 5.164053385, 5.214743118, 5.2124084790000005, 5.243961865, 5.208271568, 5.1387389379999995, 5.252917964, 5.101216375, ]
120-7	5	[4.523478054, 4.5646176149999995, 4.5788448850000005, 4.6881289409999995, 4.542659157, 4.581920606, 4.593213994, 4.596094569, 4.741185329, 4.638671596, 4.590825388, 4.632184835, 4.598757093, 4.553543479, 4.701400019, 4.540032501, 4.548864266, 4.559252673, 4.63668465, 4.75156824, 4.642080721, 4.683674288, 4.731100059, 4.62625359, 4.512020035, 4.567277797, 4.8462726169999994, 4.677032838000001, 4.570031991, 4.65543525, 4.972489606, 4.5563188729999995, 4.705557104, 4.689454852, 4.693277141, 4.6987078, 4.533909048, 4.611477701, 4.682387461, 4.584479058, ]
95-4	5	[4.529290141000001, 4.801828922, 4.61828505, 4.501833998, 4.568350266, 4.584119996999999, 4.567465231, 4.671809747, 4.621660139, 4.626023645, 4.5500847030000005, 4.570661345, 4.559447768, 4.729420516999999, 4.5911045040000005, 4.726706656999999, 4.707991602000001, 4.730092239, 4.512924474, 4.5858600890000005, 4.575146503999999, 4.582568799, 4.681907811, 4.548974565, 4.670389975, 4.5773348490000005, 4.494560747, 4.498905589, 4.586467290000001, 4.703663477, 4.528875212, 4.578411348, 4.691686784, 4.546865386, 4.558696104999999, 4.542619187, 4.819884404000001, 4.680637681, 4.590271845, 4.620062204, ]
110-29	3	[5.013815252, 4.8273519700000005, 4.954510467, 5.043810747, 4.9759738129999995, 5.096124657000001, 4.973631709999999, 4.905621168, 5.063007226, 5.138646795, 5.637785581999999, 4.858491206999999, 4.917944417999999, 4.961041562, 4.894679630000001, 4.919450385999999, 5.101763388999999, 4.997405387, 4.913971482999999, 5.063844751, 4.991887589999999, 4.862569261000001, 4.976416087, 4.872811736999999, 4.934074399, 4.955251004000001, 4.922558374, 4.857973971, 4.966005663, 4.996864523999999, 5.029125376, 5.0248852699999995, 5.08552915, 5.240910329, 4.976424046, 4.953907581, 4.927010011, 4.928899424, 4.898645471, 4.8952051050000005, ]
67-5	7	[5.189081806, 5.102698793, 5.3101968, 5.182226691, 5.329833484, 5.1296844329999995, 5.161864906, 5.169105176, 5.0871814, 5.145078284, 5.265158974, 5.1395658179999995, 5.1957013100000005, 5.186961228, 5.214383015, 5.175705317, 5.20271307, 5.181789415, 5.141064514, 5.142172883, 5.238057782, 5.278471538, 5.297508604, 5.20171151, 5.117096853, 5.172618557, 5.953603159, 5.39018049, 5.175437718, 5.123889585, 5.111826574, 5.140723459, 5.187153308, 5.303059008, 5.126222148, 5.104458386999999, 5.154909474, 5.156541097, 5.219334325, 5.193732100999999, ]
117-12	5	[4.933999469000001, 4.761931966000001, 4.679418594, 4.625414159, 4.725813027999999, 4.802342641999999, 4.708002914, 4.6589173619999995, 4.617441945, 4.688300128, 4.680407621, 4.66136041, 4.792505948, 4.683656189, 4.771586702, 4.697655483, 4.615451434, 4.831437181, 4.772015138, 4.720742813999999, 4.678115694, 4.6846883329999995, 4.775256153, 4.6354176769999995, 4.660441984999999, 4.773108844999999, 4.651271234, 4.762147, 4.784332246, 4.714598905, 4.884146136, 4.696478872, 4.7283274859999995, 5.000108664, 4.763976137, 4.742794639, 4.726049193000001, 4.610345267, 4.6602567630000005, 4.804165532, ]
87-0	7	[8.011264655, 7.761007969, 7.881143788999999, 7.931864050000001, 8.633593611, 7.819603013, 7.8020191379999995, 7.8347443199999995, 8.009466531, 7.834249777, 7.990464312, 7.971500544, 8.088359962, 7.944813789, 7.733656228, 7.651115550999999, 7.665413352999999, 7.884319757000001, 7.8296843990000005, 8.008604874000001, 7.944076882, 7.7886159379999995, 7.986909460000001, 7.736128378999999, 8.105617457000001, 7.785661504999999, 7.845258401000001, 8.049535772999999, 7.775646278, 7.846126588000001, 7.969316937, 8.16009264, 8.272099729, 8.232037286999999, 8.08304111, 8.035072236, 7.8695570429999995, 7.793390737, 7.929034274000001, 7.893727899, ]
119-27	2	[7.92289829, 8.05268853, 7.743159262000001, 8.152235449, 7.735555397999999, 7.724833385999999, 8.123868927, 7.686559633999999, 7.7408767880000005, 8.188326986, 7.960207604000001, 7.7794903820000005, 7.760619462999999, 7.860796099000001, 7.720424040999999, 8.241975996, 7.823491466, 7.823529739, 7.770175134999999, 8.109831058, 7.7657547430000005, 7.661936128000001, 7.783238331999999, 7.833374417, 8.007593790000001, 7.801893098, 8.212141022, 7.755665422000001, 8.021993376, 8.024524107000001, 8.10140874, 7.798941127000001, 8.072175377999999, 7.968841455, 7.997050022999999, 8.143930718, 7.851707166000001, 7.745878662, 7.84377608, 7.90602603, ]
120-22	5	[4.595366663, 4.607887967000001, 4.5563386580000005, 4.559797604, 4.480984204, 4.694289549, 4.481229146, 4.621501436, 4.594923018, 4.628080359999999, 4.54636575, 4.539708246, 4.594835747, 4.586334942000001, 4.559951788999999, 4.566404936, 4.622128342, 4.562389061, 4.567514897000001, 4.524281421, 4.560159046, 4.576985586, 4.586760151, 4.560036543, 4.5516992179999995, 4.719490831, 4.678001782, 4.513803890999999, 4.519480705, 4.567731379, 4.60458231, 4.538660983, 4.548434789, 4.545641296, 4.612755593999999, 4.527451741999999, 4.546841486, 4.548402245, 4.554060919, 4.572643127999999, ]
68-2	9	[8.046718544, 8.45736949, 8.098201732, 8.271878768, 8.164296347, 8.274575528, 8.132104265999999, 8.183997417, 8.064617869000001, 8.137917453, 8.329531259, 8.862930742, 8.394655094, 8.025397649, 8.185757158000001, 8.138988577, 8.76755462, 8.036248424, 8.330663375, 8.317383559000001, 8.212093394, 8.275669857, 8.242417380000001, 8.272020430000001, 8.100311021, 8.426607957, 8.416150758999999, 8.127283571, 8.322210153, 8.247507925999999, 8.313074173, 8.316082723, 8.205376887, 8.322461586, 8.340506421999999, 8.925895308, 8.257648519, 8.290773758, 8.231035738000001, 8.262685545, ]
64-24	9	[8.294801774, 8.073538524, 8.181333086, 8.186668764, 8.359991162, 8.204186137, 8.522099666, 8.211688194, 8.229164418, 8.289596480999998, 8.224337504000001, 8.127561690999999, 8.260060754, 8.105334097, 8.330941386000001, 8.353127241000001, 8.552005657999999, 8.149253557000002, 8.13146143, 8.092124129, 8.221711529, 8.197126466, 8.332310248, 8.563227239000001, 8.308232273000002, 8.038498293, 8.175108781, 8.230330906, 8.282486031000001, 8.167457935, 8.386586083000001, 8.277755771999999, 8.247957228, 8.378858675, 8.520762542, 8.252617068, 8.197498371, 8.100188596999999, 8.269063479000001, 8.575791229, ]
76-5	7	[5.013063367, 4.907718213, 4.872053048, 4.983808257, 4.898773788, 5.007305017, 5.103839971, 4.956223866, 4.947071284, 4.958850711999999, 4.928689502, 4.92069296, 4.964399108, 4.9042365000000006, 4.9846002679999994, 4.978192492000001, 5.490363568, 4.94166666, 4.971776901, 4.960652082999999, 5.002261226, 4.989994919, 5.043924843, 4.984970008, 4.956991260000001, 4.919665516, 4.827523349, 4.902414496, 5.045738419, 4.927645716, 5.031059034, 4.982773893, 4.9412967519999995, 4.979878782, 4.932747254000001, 4.986274402, 4.980277689, 5.053020455, 4.99510506, 5.013405426, ]
97-24	7	[8.428042178, 8.364015660000002, 8.194978598, 8.467689645, 8.257204262, 8.438821619, 8.364713899, 8.422704044, 8.558995849, 8.254942158, 8.327937649, 8.196585272, 8.573611745, 8.228460365, 8.210953529000001, 8.298844951, 8.179631448, 8.556497886, 8.242180646, 8.364671163, 8.229825992, 8.146586844, 8.406821448, 8.592906105, 8.232835288, 8.518860412, 8.233148243, 8.217651932, 8.441425623, 8.526936369, 8.347044013, 8.292329613, 8.379593971, 8.298595027, 8.261017045, 8.4814579, 8.309327982000001, 8.235288514, 8.211700260999999, 8.325800552999999, ]
88-14	6	[4.5541915610000006, 4.561913628, 4.535203483, 4.564468605, 4.590168518, 4.566762351, 4.6290440010000005, 4.565610260000001, 4.627511796, 4.535395456, 4.526326672, 4.579855999, 4.665715911, 4.512697392, 4.734508540999999, 4.614819634000001, 4.507303204, 4.56730518, 4.7568241030000005, 4.6789538649999995, 4.524364269, 4.510672186, 4.524244804, 4.708279798, 4.5152816819999995, 4.5797163880000005, 4.74769596, 4.557021294, 4.546514392000001, 4.463587253, 4.525774528, 4.640000644, 4.48259341, 4.702102065, 4.695978392, 4.550792288, 4.584736329, 4.566479813, 4.585404478, 4.899920655, ]
97-30	5	[5.13801399, 5.209591196, 5.2784920070000005, 5.254796611, 5.160284312, 5.159249114, 5.129503485, 5.2182475539999995, 5.1288117, 5.226085718, 5.1520929440000005, 5.151845769, 5.354323292999999, 5.136153718999999, 5.205143134, 5.393796675, 5.171914547, 5.232945436, 5.222099711, 5.158044655, 5.134177374, 5.089769714000001, 5.129339502, 5.370286282, 5.182770452000001, 5.251761176, 5.256654033999999, 5.287976638, 5.358879687, 5.196677779, 5.206914181999999, 5.13831844, 5.142019572, 5.098647087, 5.337812118, 5.238676378999999, 5.249493966, 5.192069394, 5.168890142, 5.10082349, ]
97-28	6	[5.167689483, 5.218707728, 5.113606690999999, 5.1848166959999995, 5.211351314, 5.324836415, 5.354959343, 5.211094378, 5.267338976, 5.142556244, 5.235353019000001, 5.239697679, 5.160093569, 5.122472741, 5.31786626, 5.291295725, 5.124751525000001, 5.2323715559999995, 5.300688267, 5.248412094000001, 5.155128174, 5.134585378, 5.275627664, 5.199338852, 5.309502043, 5.229039551, 5.059313142000001, 5.154955183999999, 5.28688293, 5.101715615, 5.199692655, 5.132575513, 5.187402315, 5.254915856999999, 5.133016770999999, 5.211600847, 5.117238238, 5.145718360999999, 5.149799645, 5.133031218, ]
81-16	8	[7.878029871000001, 7.887208440000001, 7.791210553999999, 7.936465117, 8.179698472, 7.904314309, 7.937777399000001, 7.860062098999999, 8.305976121, 7.8520999080000005, 7.811402418999999, 7.863710513, 8.166444156, 8.143037665, 7.842159617999999, 8.075865532, 7.8020349950000005, 7.899664173, 7.819992497, 7.721042689, 7.831295306, 7.839572666, 8.024604768000001, 7.920007007, 7.898916829, 7.824909331999999, 8.140350166000001, 8.146065626, 8.139168036, 7.955074625000001, 8.573311783, 7.982397765, 7.938451658, 7.875907165, 8.075463637, 8.053676629, 7.838306558, 8.085639219, 7.779346718999999, 7.954480983, ]
81-14	6	[4.812741470000001, 4.697198881, 4.839486408, 4.63812167, 4.697284058, 4.837678615, 4.689538231, 4.8308105150000005, 4.709376456999999, 4.706023966, 4.72645325, 4.682886547, 4.586449775, 4.6638115110000005, 4.692030489, 4.7253561070000005, 4.702065731, 4.670966183, 4.805376922, 4.897580309, 4.795295380000001, 4.718140444, 4.6521833599999995, 4.677598679, 4.684905876999999, 4.746684365, 4.763952178, 4.637216296, 4.699188644, 4.712336025, 4.684268006, 4.613718359, 4.858952303, 4.683154161, 4.698296184, 4.640755253, 4.650090729, 4.749688042, 4.827587933, 4.665630704, ]
78-29	4	[4.879627682, 5.090618027, 5.120485922, 4.956866496, 4.9289004180000004, 4.977330272, 4.929678546, 4.999839791, 4.867171948, 4.922006971, 4.873144975, 4.968200852000001, 5.048538091, 4.837467187, 4.865578245, 4.909079759000001, 4.976350799, 4.8553544859999995, 4.941465983, 5.052428939, 5.093939945000001, 5.002532332, 5.019738392, 4.96196382, 5.099055971, 5.0592388249999996, 4.957462105, 4.94302147, 4.973184871, 4.9241339669999995, 4.931027728, 5.035999824, 4.938808292, 5.120837087, 5.187509853, 4.921331573, 4.946202031, 4.9165508110000005, 4.971093165, 5.099656452, ]
126-30	2	[4.654930112, 4.531319239, 4.5320383689999995, 4.977532282, 4.52081322, 4.667835202999999, 4.562488221, 4.5667186289999995, 4.516566123, 4.559287600999999, 4.574188134, 4.568598172, 4.628913225, 4.6577651, 4.5695500650000005, 4.768388614, 4.4801187780000005, 4.444856685, 4.541304212, 4.654256027, 4.56411286, 4.670078813, 4.529427181000001, 4.511510287, 4.514965431, 4.57422581, 4.520788579, 4.510728685, 4.693683919000001, 4.527447099000001, 4.658458469, 4.558877904, 4.494213794, 4.7179817150000005, 4.714566898, 4.673416612, 4.528813933, 4.512788141, 4.540139314, 4.760154313, ]
120-15	4	[4.517251336, 4.649580697, 4.540546337, 4.676945684, 4.509698799, 4.498719787, 4.697996197, 4.516560323, 4.55410642, 4.49700723, 4.579834108, 4.519862402999999, 4.559357498, 4.517494995, 4.539445291000001, 4.496980339, 4.559169902, 4.66204285, 4.539362341, 4.498407117, 4.698383427, 4.6730190899999995, 4.485438806, 4.5750340949999995, 4.526913154, 4.547393444000001, 4.565590269, 4.625719795999999, 4.546264655, 4.72095734, 4.701400916000001, 4.603582381000001, 4.64847862, 4.567707034, 4.5875184319999995, 4.784954832, 4.612965655, 4.534072973, 4.771524683, 4.61555438, ]
120-13	5	[4.574640546, 4.67593741, 4.588678333, 4.524145704, 4.6701277, 4.530883274000001, 4.553144434, 4.585476516, 4.580267971, 4.5440858660000005, 4.556827772, 4.531230646999999, 4.756020916000001, 4.550128385, 4.5401524570000005, 4.604506188999999, 4.536635114, 4.522858759, 4.534255309, 4.570531233, 4.690250088, 4.778818945, 4.533871779, 4.618515779, 4.654985671, 4.537172019, 4.5133347509999995, 4.52873762, 4.50566832, 4.600715037, 4.633439695, 4.649180851000001, 4.547420434, 4.522013486, 4.497339524, 4.547028072, 4.541121458, 4.769887003, 4.874036114, 4.514351683, ]
111-17	4	[8.417160147999999, 8.164219552999999, 8.084973181, 8.511086845, 8.412942008, 8.475931607, 8.300955179, 8.52703633, 8.231084079, 8.128698079, 8.419340899, 8.199454072, 8.070150976, 8.321397262000001, 8.573288354999999, 8.185613259, 9.157615532, 8.382183004, 8.135535265, 8.273256163000001, 8.285363620999998, 8.224430549, 8.490621928, 8.306542213, 8.125985478999999, 8.151253314, 8.113326999, 8.385637502, 8.232221942999999, 8.157005432, 8.290914718, 8.125732893, 8.23403289, 8.23985014, 8.511227112, 8.146700139, 8.195837079, 8.285677594000001, 8.359087768, 8.154236628, ]
61-22	4	[4.71965788, 4.5726253880000005, 4.5528087, 4.558070484, 4.68086342, 4.644316419, 4.576861828999999, 4.6298810480000006, 4.6016097689999995, 4.622864290000001, 4.678525939, 4.626839133000001, 4.571063647000001, 4.602858912, 4.613239536, 4.564719716, 4.566848519, 4.561536071000001, 4.726800983, 4.710057891999999, 4.52605202, 4.761971055999999, 4.5533718, 4.728860566, 4.579125781, 4.693926627000001, 4.740869021, 4.703433651, 4.570019491999999, 4.722994958, 4.518895862000001, 4.542736994, 4.668616208, 4.576184743, 4.576981023999999, 4.494499242000001, 4.8536313170000005, 4.508966425, 4.5380978370000005, 4.535063378, ]
112-25	6	[8.158510022, 8.268604904, 7.946061326, 7.892156612, 7.928800133, 7.772834167, 8.322355743, 8.237874051, 7.919075715000001, 8.03921016, 7.792775553, 7.845791395, 8.171744656, 8.003951483, 8.191534413, 7.857571067, 8.066980087, 7.945614748999999, 7.903969877000001, 7.875631482, 7.713363573999999, 8.17887828, 8.170499866, 7.705571610000001, 7.7666997030000005, 7.815713433, 7.891357725000001, 7.686429653, 7.700590278, 7.986965529, 7.931158529, 8.118910161, 7.793692298, 7.925461875999999, 7.7899034490000005, 7.858800379, 7.777674008999999, 7.859661727000001, 7.830489036, 7.897565723, ]
61-14	4	[4.496420999, 4.546188128000001, 4.643883633, 4.563980999999999, 4.611154648, 4.484910639, 4.532005318, 4.5404367940000006, 4.626911028, 4.504789568, 4.7424369749999995, 4.799771241, 4.659846559, 4.638576371, 4.795632393, 4.796127573, 4.578739046000001, 4.532090075999999, 4.464774126, 4.58210649, 4.584826421, 4.584540996, 4.554668574, 4.533306841, 4.59490862, 4.610034413, 4.598505266, 4.584365189, 4.5851556360000005, 4.697179037, 4.673830908, 4.567965807, 4.480633238999999, 4.588991449, 4.5932884409999994, 5.391453835, 4.586667955999999, 4.58785897, 4.605322902999999, 4.512097565, ]
124-9	5	[7.607131847, 7.798623505, 7.644749439999999, 7.8422276129999995, 7.721103794, 7.814739360999999, 7.794396852999999, 7.540447923, 7.779765261, 7.698652019, 7.773563758000001, 7.786235122999999, 7.717959688999999, 7.720376429, 7.8108902559999995, 7.783199156, 7.847547703, 7.721504118, 7.890991572, 7.689077032999999, 7.527166971, 7.857785260000001, 7.619431627000001, 7.607892816000001, 7.6692614269999995, 7.610676069, 7.697774737, 7.689148158999999, 7.710811899, 7.60311736, 7.649379625, 7.643249625999999, 7.664524458, 7.736081961, 7.771404616, 7.827342889, 7.743028819000001, 7.809739814, 7.561240822, 7.743760964, ]
100-9	7	[8.658566472, 8.419784932, 8.36061516, 8.300747472, 8.318604426, 7.956913667999999, 7.976865173999999, 8.094717527, 8.739308616999999, 8.205668182, 8.408114127, 8.246080876, 8.303951806, 8.201442858, 8.315748099, 8.215449972, 8.093671838, 8.032733292, 8.220675715, 8.301391445999998, 8.424372201, 8.130862668999999, 8.252608145, 8.257965863999999, 8.26117123, 8.123229798, 8.252504729, 8.077604501, 7.912044266, 8.323971311000001, 8.220754920000001, 8.617022769, 8.327340946, 8.343278987, 8.089639052, 8.215570305, 8.192727559000001, 8.159814507, 8.216270005, 8.128385009, ]
63-1	5	[7.662054052, 7.7764007600000005, 7.51551468, 7.536919221, 7.566313984, 7.7064737590000005, 7.47612463, 7.85799825, 7.603199054, 7.772408264999999, 7.7767548380000004, 7.755229159, 7.744996465, 7.67156565, 7.930631564, 7.592115933, 7.775967490999999, 7.777284224, 7.721355750000001, 7.798373311, 7.839384568, 7.741200994, 7.515985549, 7.733185790000001, 7.843192286, 7.965615701, 7.691412961000001, 8.176259181, 7.926033190999999, 7.747232015000001, 7.7229205180000005, 8.023014359000001, 7.471140495, 7.784621234, 7.758292003999999, 7.948581173000001, 8.022606832000001, 7.555881163, 7.763396939, 7.565559636, ]
112-10	7	[9.092848332, 7.734070795999999, 8.016671529, 7.976174116, 7.974158816000001, 7.68615726, 7.837591837000001, 7.702399929000001, 8.064775088, 7.844667801, 7.698506985000001, 7.540452217, 7.631971745, 8.009279384, 8.405272070999999, 8.137598724999998, 7.828623413999999, 8.073007384, 7.770230672, 7.851945961999999, 7.8553011779999995, 7.910003669000001, 7.734183782, 7.772893174, 7.827032094, 8.034960014000001, 7.881449367000001, 7.935982735, 7.7127215520000005, 8.023997263, 7.902275791, 7.725233894, 7.815737359, 7.759198855, 7.838203607, 7.714842555000001, 7.874373364, 7.919289759000001, 7.815770731, 7.801028914000001, ]
111-4	5	[5.019483498, 5.056983148, 5.086749849, 4.942878714000001, 5.031808791, 5.1505805, 5.149837328, 5.014490969, 4.995799037, 5.079082436999999, 5.027778529, 5.062675004, 5.138960842, 5.150749908, 5.039422928, 5.103364083, 5.062139096, 4.9929522539999995, 5.0910243809999995, 5.103839284, 5.137595579999999, 5.06731851, 5.1998256970000005, 5.024032773, 5.2058967449999995, 4.91199427, 5.090710148, 5.0538911980000005, 5.380597066, 5.025133312, 5.223757594, 4.985167188, 5.055023382000001, 5.1184054560000005, 4.963163132, 5.020293622, 5.025208269, 5.066812886, 5.104638898, 5.066621929, ]
105-17	6	[8.05033051, 8.22375466, 8.515976991, 8.146894659, 8.439086686, 8.114401619999999, 8.377136770000002, 8.392691027, 8.633462336000001, 8.26447885, 8.434030928, 8.351469962, 8.320256042, 8.272756929, 8.444905544000001, 8.476481874, 8.199115379, 8.278983645, 8.377897444, 8.264108989999999, 8.114829849000001, 8.516188524, 8.33298672, 8.339149727, 8.390796023, 8.389256365, 8.204857807, 8.124348758, 8.463016058, 8.151106198, 8.154279143, 8.120330199, 8.485606821, 8.280498511, 8.193513551, 8.23864373, 8.075606349000001, 8.337968975999999, 8.336765973, 8.297290949999999, ]
105-14	5	[5.135072156, 5.100493213, 4.978692113, 5.082036701, 5.028555495, 4.9540994199999995, 5.131044138, 5.0945952430000006, 5.022530100999999, 5.013504974, 4.955084767000001, 4.936671239, 5.078894855, 4.966529687, 4.8974086429999995, 5.165441212999999, 5.127409986000001, 4.958222547, 5.220631254, 5.143383617, 5.003255504, 5.291162001, 5.028360003, 5.052322565, 5.028349180999999, 5.553820224, 5.019793158, 5.02084621, 4.947620226, 5.038634254000001, 5.171441228000001, 5.068867788, 5.110314769, 5.145391677, 5.104815293, 4.976403238, 4.925639683, 5.045689476, 5.203206552, 4.981982723, ]
64-21	8	[5.108287508999999, 5.178504736, 5.620976246, 5.108868705, 5.008605171, 5.264861909, 5.11829061, 5.067569731, 5.07922703, 5.119826639999999, 5.085659723, 5.1546366379999995, 5.239456571, 5.090845159, 5.197579473999999, 5.052705638, 5.045918232, 5.160013291, 5.081010119, 5.129909015, 5.188254714, 5.1834136729999996, 5.232225653, 5.128277197999999, 5.198260832000001, 5.052894973, 5.134920505, 5.046681683, 5.1404862719999995, 5.136779275, 5.231877936, 5.200689721, 5.229688522999999, 5.182829237, 5.29829469, 5.252129270999999, 5.236898504, 5.074841408, 5.114446364, 5.079728317, ]
64-19	8	[8.207325815999999, 8.272606754, 8.659448511999999, 8.210787204, 8.175148986, 8.132339571000001, 8.147068989, 8.181458540000001, 8.25533402, 8.253647707, 8.474938028, 8.687923204, 8.213420471, 8.197781995, 8.297183731, 8.346931133, 8.400115122, 8.221576143, 8.226675181, 8.152978819000001, 8.628591003, 8.197603657, 8.753746919000001, 8.330102041, 8.208808178, 8.154414592, 8.45030608, 8.215379101, 8.191562954, 8.202843646, 8.260876992, 8.259254105, 8.153612884000001, 8.464813078, 8.690157069, 8.249296562, 8.244308916, 8.527815005999999, 8.393730827, 8.391516526, ]
65-14	7	[5.162909972, 5.151997611, 5.28002308, 5.1776042680000005, 5.140078858, 5.200314277, 5.085998431, 5.122705035999999, 5.29534636, 5.0747402930000005, 5.1603745420000005, 5.148160801, 5.129760285, 5.320034023, 5.156683298, 5.2427383, 5.092766567, 5.2932571, 5.2035036439999995, 5.204902926, 5.133852845000001, 5.276781756, 5.270821993999999, 5.203735656, 5.166188718000001, 5.094314315, 5.192362112, 5.143181156000001, 5.360627553, 5.201652088, 5.315696003, 5.297054500000001, 5.3335791420000005, 5.1043357480000005, 5.160651048, 5.135249814, 5.202154042999999, 5.198238287000001, 5.194536992, 5.210589419, ]
63-8	5	[7.986632812000001, 7.783593986, 7.750617378, 7.7553422240000005, 7.682977170000001, 7.429019113000001, 7.703489945, 7.785867508000001, 7.687041880000001, 7.748773246, 7.779164632, 7.7534649390000006, 7.599963559000001, 7.86232629, 7.837527561999999, 7.675539720999999, 7.712403790000001, 7.906109155000001, 7.561547365, 7.875052500000001, 7.571231276, 7.743852057, 7.8733125610000005, 7.5544295560000005, 7.5964058549999995, 7.682835787, 7.834703137999999, 7.799922744000001, 7.790838881, 7.657853448999999, 7.539657459, 8.269809008, 7.789877129000001, 7.934705999999999, 7.750245932, 7.608361943, 7.79655906, 7.673480208999999, 7.6612457659999995, 7.716074026, ]
59-18	5	[7.724783197000001, 7.802602918000001, 7.717339042000001, 7.831213765999999, 7.7939824589999995, 7.859728026, 7.79674836, 7.751899155, 7.725375307, 7.805832531, 7.871015078999999, 7.692370780999999, 7.788630113, 7.678348606999999, 7.772346271999999, 7.845430937000001, 7.712444969, 7.648226939000001, 7.813725863, 7.900999260999999, 7.609533923, 7.795872061000001, 7.775639402, 7.669373101000001, 7.798605884, 7.708901903000001, 7.706593303, 7.787760015, 7.713881761000001, 7.681124649999999, 7.722421884999999, 7.728474863999999, 7.732491488999999, 7.78899988, 7.858747908000001, 8.011268483, 7.727412504999999, 7.697164841000001, 7.688832127, 7.726261997000001, ]
89-0	8	[7.837506971000001, 7.770196553, 7.655609845, 7.6682789950000005, 7.737921489, 7.715212965999999, 8.007272714, 7.7967290689999995, 7.576885513000001, 7.592018542, 7.493498463000001, 7.7156224710000005, 7.882280507999999, 7.811842029999999, 7.8323431, 7.893705429, 7.960725195000001, 7.7298663030000005, 7.8194225, 7.769887308, 7.727941879, 7.834989793, 7.882723608999999, 7.787570650000001, 7.80176122, 7.932623823999999, 7.702466964999999, 7.793552901, 7.875747245, 7.930715844, 7.818891944, 7.775232983, 7.971150532, 7.754471623, 7.839992413999999, 7.737446883999999, 7.69144311, 7.793774299, 7.8542961469999995, 7.634270992, ]
88-28	6	[4.526358360000001, 4.642692592, 4.5254928229999996, 4.608985711, 4.752121032, 4.479954262, 4.495004393, 4.489745845, 4.535717457, 4.538881305, 4.616911012, 4.678711241, 4.563230798, 4.691754359, 4.658107276, 4.521581133, 4.794546565, 4.65507415, 4.611364947999999, 4.572224156000001, 4.553170557, 4.616811159, 4.527316758, 4.596750517, 4.755696927, 4.507936656, 4.581444813, 4.555383787, 4.6411610869999995, 4.672176841, 4.699679455, 4.517133782, 4.498666290999999, 4.631424039, 4.478102682, 4.604911528, 4.53736788, 4.496021123, 4.552857768, 4.504466283999999, ]
86-12	6	[4.6743205230000004, 4.670171799, 4.739245294, 4.967324911, 4.726984337, 4.755753336, 4.6644759790000005, 4.846365155, 4.747732987999999, 4.6399051280000005, 4.696322369, 4.719068118, 4.614360262000001, 4.680621674, 4.949998583, 4.719433693, 4.693404543, 4.779065436, 4.719807148, 4.788191308, 4.7914262370000005, 4.831517574, 4.674990128, 4.815538462, 4.796142594, 4.709435041, 4.744932874, 4.69218262, 4.8301735290000005, 4.714938646, 4.699420397999999, 4.681060118, 4.8450764, 4.716069707, 4.815658984, 4.667578014, 4.633296554, 4.62950635, 4.72888888, 4.759786201, ]
121-20	5	[4.645281336, 4.7837284, 4.605392244, 4.744466883, 4.581565211, 4.565352567000001, 4.674778159000001, 4.67864563, 4.597855418, 4.558443087, 4.584514447, 4.667516035, 4.768883806, 4.6692761890000005, 4.649101552, 4.545406076, 4.548645258, 4.571276591999999, 4.701686014, 4.701141873, 4.721832429, 4.658876483, 4.560628861, 4.740823691, 4.542373746, 4.749758081, 4.5083224379999995, 4.5787548199999994, 4.641975016, 4.770773738, 4.60240224, 4.5929024510000005, 4.606974603, 4.717646112, 4.555192546, 4.524275944, 4.6023596190000005, 4.553202074, 4.950836256, 4.715526079, ]
70-15	5	[5.065531683, 5.268887844, 5.043896066, 5.2171368540000005, 5.183409633, 5.062160328, 5.183902766, 5.234497328, 5.194757170000001, 5.0545508020000005, 5.200457689, 5.0739975, 5.085226265, 5.112004223, 5.102086749, 5.140847155, 5.191576969, 5.350771985, 5.074827189, 5.231596839, 5.050090161, 5.113573669, 5.205528445000001, 5.02005779, 5.1425786879999995, 5.02127981, 5.312272453, 5.076701675000001, 5.06522374, 5.070604985, 4.980332163, 5.003797343, 5.0583660550000005, 4.995372499, 5.064069612000001, 5.070490983, 4.99370503, 5.070599282, 4.991760874, 5.054901096, ]
61-5	5	[4.5051097129999995, 4.569370238, 4.560204541, 4.714761504, 4.635852873, 4.574017487, 4.804971615, 4.607648756000001, 4.5734814660000005, 4.77951352, 4.540451472000001, 4.712863981, 4.546915944, 4.704044245, 4.561383844, 4.651546358, 4.643387879, 4.739022109, 4.682294147, 4.628785668, 4.513180752999999, 4.656577007, 4.601343845, 4.643231828, 4.495472752, 4.576568583, 4.5634012870000005, 4.594462071000001, 4.708796286, 4.57447584, 4.5090191619999995, 4.559816805, 4.571899943, 4.4591238120000005, 4.525255166, 4.697159532, 4.623608849, 4.603436318, 4.663606133999999, 4.5347344750000005, ]
61-0	7	[7.815233879, 7.649267641000001, 7.828137032000001, 7.443759156, 7.753395884000001, 7.6106868169999995, 7.776617367999999, 7.785034792, 7.731617617000001, 7.815115301999999, 7.621607099, 7.943140538, 8.000363914, 7.750591417999999, 7.577550306, 7.837604891, 7.732373803000001, 7.779152860000001, 7.985841482, 7.671899818, 7.601482402, 7.631868227, 7.538978871, 8.261434128, 7.668053660999999, 7.571568078, 7.7730253309999995, 7.8270877940000005, 7.903623134000001, 7.704966542, 7.841331455000001, 7.756155266, 7.670283799, 7.620119508, 7.774474424, 7.738014926, 7.532763412, 7.713820598000001, 7.707368054, 7.731782886, ]
116-18	6	[7.929659612, 7.7552995750000004, 7.760561747000001, 8.261401457, 8.231562606, 7.885315852999999, 7.7478481729999995, 7.853272697, 7.826121511, 8.186630117, 7.793438603999999, 7.7934668920000005, 7.857720328, 7.968372388999999, 7.879842245, 8.064097658, 7.791187076000001, 8.288107572, 7.9224748389999995, 8.062659069, 8.215224401, 8.384252281, 7.9200866780000005, 7.646374961, 7.885530173, 8.155707126, 7.852392204000001, 8.009137282000001, 7.935044362999999, 7.7201259470000005, 8.099522097, 7.687852178, 7.791454151, 7.8146113779999995, 8.217173651, 7.847549704, 8.156339901, 7.999584319, 8.01457428, 7.912717804000001, ]
99-19	5	[8.316523916, 8.475916222, 8.340701021, 8.431930845, 8.330243906, 8.351800744999998, 8.400474245000002, 8.362462084, 8.226730084, 8.321151916, 8.35693581, 8.357108064999998, 8.328762683, 8.343647325, 8.376192982, 8.392539225, 8.381889275, 8.827609332, 8.187939729999998, 8.371882675, 8.612964341000001, 8.241995422, 8.648111321, 8.634650759, 8.297664313, 8.347698891, 8.696426978, 8.191963599000001, 8.198169652999999, 8.366556501, 8.368558218, 8.424090829, 8.428014989000001, 8.150211678, 8.357888948, 8.161142717, 8.662421091, 8.417133885, 8.737833212, 8.344244526, ]
99-15	4	[5.280440471, 5.161211455, 5.140129616, 5.078380566, 5.102153093, 5.101723685, 5.048838229, 5.311018226, 5.231449396, 5.112401663, 5.1728193309999995, 5.147929024000001, 5.1854500660000005, 5.172178854, 5.086530737, 5.399757568, 5.124112642, 5.124549497, 5.125067994, 5.664992066, 5.245235909, 5.283325357, 5.133420301, 5.058324457, 5.318622928, 5.263628235, 5.148256861, 5.2813666470000005, 5.195258782000001, 5.214191008999999, 5.155026658, 5.26784557, 5.174728966, 5.102981955, 5.172341008999999, 5.056232957000001, 5.296629207, 5.12492895, 5.1494840040000005, 5.337160649, ]
81-19	6	[7.780819881, 7.939092218999999, 8.080230186000001, 7.952153579, 7.896373463000001, 8.196725162, 7.865045746999999, 7.826301425, 7.810057258, 8.18117287, 7.686534503, 7.627843533, 7.876810768, 8.627460893, 8.201094995999998, 8.025866065, 7.85758594, 7.9996573810000005, 7.974141893, 8.132563102, 7.90657369, 7.809755319, 8.131002113, 8.745094912999999, 7.9712940539999995, 7.7996339820000005, 7.868985431, 8.359767299, 7.859908075000001, 7.939621761, 7.820663186000001, 7.741557775, 7.806496269999999, 7.793863865, 7.7432081230000005, 8.229697739999999, 7.867594111, 8.176194866000001, 8.201334485, 7.848487739, ]
71-16	7	[8.252775357, 8.651930428, 8.351579152, 8.324524455, 8.390632506, 8.355410203, 8.566586633, 8.441155410999999, 8.440430439, 8.371853168000001, 8.494996786, 8.332102673, 8.249447412999999, 8.113842910999999, 8.387857241, 8.442049679, 8.702281264, 8.773111647999999, 8.494748766, 8.451866940999999, 8.182901879000001, 8.384159110999999, 8.436311661, 8.422098141, 8.599093834, 8.43240716, 8.338277547, 8.501402361, 8.286129984, 8.818095883, 8.30997896, 8.456960762, 8.420025782000002, 8.347748193000001, 8.387436701999999, 8.21035831, 8.232936240999999, 9.341280526, 8.690976618, 8.683876717999999, ]
101-25	5	[8.506947477, 8.298212232000001, 8.262287355, 8.341147252, 8.484963018, 8.545334239, 8.349451487000001, 8.269116002, 8.561414518000001, 8.675085399, 8.697293893, 8.354355569, 8.383873772, 8.324273738999999, 8.425450409, 8.42145932, 8.410791953999999, 8.299798563000001, 8.783275173, 8.176396290000001, 8.372267333, 8.677293183, 8.375877919, 8.411322395000001, 8.535496933, 8.346268161, 8.152279122000001, 8.28517362, 8.37767375, 8.530290714000001, 8.245684137, 8.608660614, 8.518081878, 8.45514775, 8.343967142, 8.261578602, 8.600894416, 8.211298744, 8.336605035, 8.42115472, ]
109-15	3	[5.0580148330000005, 5.070524046, 5.0239588490000004, 5.034757068, 5.1647255990000005, 5.06515283, 5.079430628, 5.048636635, 4.944987182999999, 5.043057473, 5.004162105000001, 5.0309500389999995, 5.144879876, 5.130998882, 5.068041129, 4.956455462, 5.039947549, 5.276210058, 4.978040626, 5.269008082, 4.924005825, 5.026091282, 4.957372456, 5.0178437, 5.177621305, 4.990730231, 5.056567159999999, 5.045953079999999, 5.113623147, 5.007074939, 4.9766681770000005, 4.984931145, 4.949951790999999, 5.157546959, 4.964631970999999, 5.159805826, 5.138031982, 5.156924804, 5.092591382, 4.980607264, ]
97-2	8	[8.074091217000001, 8.240463297, 8.261770552000002, 8.920970815, 8.438210509, 8.441750484, 8.261317408, 8.462697948, 8.198716396, 8.109755983, 8.261092647, 8.401834374, 8.429525302, 8.532334415, 8.139535624, 8.216170670999999, 8.332882010999999, 8.1748848, 8.43886496, 8.529750147000001, 8.410118782, 8.624562937, 8.607193159000001, 8.389101434, 8.140342109999999, 8.341478635, 8.24413378, 8.351704023, 8.2637108, 8.363025240999999, 8.470915721999999, 8.420506770000001, 8.250751001000001, 8.371274620000001, 8.594572454, 8.240931332, 8.115538946, 8.32999476, 8.162869799000001, 8.75590934, ]
97-0	9	[8.368558975000001, 8.454405963000001, 8.473060869, 8.269333745, 8.227786457, 8.405362997000001, 8.257966559000002, 8.463485175999999, 8.378665824, 8.342952601, 8.323520767, 8.382131335999999, 8.348294572, 8.50987976, 8.39081462, 8.246059657, 8.447659629999999, 8.310002542000001, 8.096402736, 8.382417527000001, 8.471045915, 8.613729068, 8.382143222, 8.448196672, 8.585181892, 8.323262381, 8.331460656, 8.289864267, 8.2109155, 8.069186431999999, 8.339444153999999, 8.513252751, 8.479514419000001, 8.229257995, 8.512714007, 8.484207834, 8.086492387, 8.408982639, 8.160238921, 8.400263442, ]
84-17	7	[7.82065024, 8.211204432999999, 7.818414721999999, 7.700701942, 7.9985316410000005, 7.899594585, 7.9572778170000005, 7.781063128, 7.839493089, 7.845663249999999, 8.244019928, 7.860966775, 7.931117205, 7.966956063, 7.896592967, 7.823070214, 7.976294254000001, 7.830274566000001, 8.218304261, 7.941528247000001, 8.182407616999999, 7.694578495, 7.956096288, 8.365384406, 8.02591438, 7.833737506, 8.146396389000001, 7.766775193999999, 7.784849255, 7.786676280000001, 8.204541041999999, 7.879774144000001, 7.828990590000001, 7.689441451, 7.8917750799999995, 8.142314886000001, 7.968445902, 7.874920319, 7.798935588, 7.909629788, ]
57-15	4	[4.537920713, 4.61891775, 4.598784155, 4.570278253, 4.490044348, 4.618286145, 4.583502317, 4.72177181, 4.576006563000001, 4.656906981000001, 4.518618614, 4.500709174, 4.46392511, 4.454676611, 4.741723285, 4.596964323, 4.553053251, 4.694500595999999, 4.467172288, 4.5798419290000005, 4.563358773, 4.5379737780000005, 4.563134068, 4.5451434090000005, 4.627326726000001, 4.611658199, 4.536981725, 4.567618167, 4.5459859069999995, 4.539807186, 4.522913164, 4.528258531, 4.68207515, 4.694447818, 4.57344268, 4.630420866000001, 4.922806519, 4.479353002, 4.637255226000001, 4.533990604, ]
79-23	3	[5.037971798, 5.056722451, 5.184620772, 5.0494657940000005, 5.076540432, 5.251219989, 4.971294629, 5.022073809, 5.073032392, 4.965503365999999, 5.01950669, 5.135698276, 5.148413499, 5.048081067, 5.0483049300000005, 5.015135478, 5.055349225, 5.112556776, 4.940878968, 5.116146970999999, 5.119280068999999, 5.095337702, 5.130490323, 4.999880502, 5.175330282, 5.059319903, 5.082046425, 5.103973738, 5.217490944000001, 5.064388324, 5.163363542, 5.025499985, 5.046706814, 4.9733144629999995, 5.079134585, 5.126374054, 5.044941475, 5.073215474, 5.104931549, 5.2059252, ]
63-14	3	[4.615966225999999, 4.72190366, 4.692013014, 4.597671405, 4.575063854, 4.573483842, 4.488362563, 4.470371651, 4.633629369, 4.485205594, 4.577711022, 4.622523752999999, 4.623198379000001, 4.6626384100000005, 4.483652271, 4.541980573, 4.591339007, 4.609490081000001, 4.654658964, 4.486806790999999, 4.53234748, 4.518356687, 4.5309765749999995, 4.517215814, 4.694191513, 4.562545384, 4.538842532, 4.602737585, 4.502205577000001, 4.484905543, 4.573292698, 4.518427537000001, 4.570538291, 4.847076365, 4.566187848, 4.527049478, 4.752022383, 4.635356825, 4.629289925, 4.537476814, ]
88-11	6	[7.969362755999999, 7.8100346069999995, 7.757316344, 7.7105466279999995, 7.7129142669999995, 7.734597459999999, 7.644623999, 7.636052042999999, 7.762491111999999, 7.418455098, 7.850370193000001, 7.796194883, 7.580885245999999, 7.55349902, 7.7366260030000005, 7.639173892999999, 7.790285889000001, 7.840457344, 7.5873840800000005, 8.329377901, 7.7946668830000005, 7.640843433000001, 7.680566364000001, 7.644664518999999, 7.67384465, 7.858959974999999, 7.750713741, 7.845773148999999, 7.7452259660000005, 7.819353436999999, 7.440870792999999, 7.985148204, 7.7345916390000005, 7.943529785999999, 7.746619056000001, 7.567058115999999, 7.56858089, 8.047136752, 7.691939818, 7.793695827, ]
88-7	6	[4.71526494, 4.586701692, 4.551848398000001, 4.5434434470000005, 4.548701232999999, 4.665649155, 4.623296372, 4.596201625, 4.5538309020000005, 4.483412371, 4.774303827000001, 4.569943196, 4.628358501, 4.538350178, 4.608700907, 4.573966941, 4.559148154, 4.656630979, 4.5417418650000005, 4.662739246, 4.570404699, 4.618747257, 4.518681234, 4.816606126, 4.5593870889999994, 4.570514943, 4.748772554, 4.613455002, 4.609350501, 4.733594419, 4.700974209, 4.672852928, 4.582766031, 4.621892397, 4.579349494, 4.647131492, 4.48787793, 4.725725820999999, 4.707331975000001, 4.514143238, ]
73-17	7	[8.242071312, 8.200520024000001, 8.191582995, 8.497032484, 8.357929757, 8.172166701, 8.231610287, 8.322960071, 8.229669405, 8.235857997, 8.075552579, 8.228617514, 8.199845956, 8.232528954, 8.204223191, 8.286154022, 8.467952728, 8.109056455, 8.167215635, 8.216749656, 8.336256605, 8.239563555, 8.103486493, 8.305649181, 7.996958155, 8.064919999, 8.337523188, 8.250115937, 8.129102258, 8.062567058, 8.144181197, 8.258995173999999, 8.237828164000002, 8.128759557, 8.178762142, 8.206457105, 8.453510755, 8.291623392, 8.210968023, 8.201475891000001, ]
44-25	6	[8.255997372000001, 8.426689164, 7.957539293, 8.017106067, 8.026880313, 8.369527576, 8.058114995, 7.984969592, 8.082804023, 8.099896305, 8.022335638000001, 8.231759045999999, 8.078398036, 8.444318189, 8.12196406, 8.122130022, 8.157763953, 7.941282081, 7.976737807999999, 7.935516585999999, 7.995676667, 8.016508561, 8.226352988, 8.072372147, 8.075575306000001, 8.469136769, 8.207157310000001, 8.042630153, 8.455080203, 7.972214126000001, 8.281829613000001, 8.56831202, 8.155291019, 8.117100731, 8.085697682, 8.101634603, 8.038009186, 8.125338604000001, 8.430752952999999, 8.194274103, ]
51-5	6	[4.9126970750000005, 4.754205373, 4.721970102999999, 4.89770182, 4.672298863, 4.6999920820000005, 4.6859542770000004, 4.744427184999999, 4.800234101, 4.627973665, 4.976419005, 4.710136984, 4.723389514, 4.612008209, 4.815513451, 4.746899431, 4.773842098, 4.766081529, 4.781101988, 4.682102504, 4.89817773, 4.802018545, 4.679439745, 4.7027769159999995, 4.8969721139999995, 4.84649981, 4.774032358, 4.795741765, 4.667650691, 4.775451508, 4.772559885, 4.865243704, 4.800238974, 4.7640331609999995, 4.658475791, 4.6810809120000005, 4.747290103999999, 4.698445222, 4.729426790000001, 4.735893749, ]
44-4	8	[5.0060930930000005, 4.977388761, 5.099532291, 4.93399993, 5.092473579, 4.953177848, 4.944687175, 4.883510963, 5.019928682, 4.957695348, 4.868414705, 5.03588461, 4.924095313, 5.041761654, 5.193454088, 4.963494003999999, 4.938181139999999, 4.986749409, 4.883043468, 4.922557072, 5.0078802200000005, 5.186609089999999, 4.974990276, 4.946834132, 4.979593781, 5.058560923, 4.972757733, 5.0423468399999996, 5.145179303, 5.092428695000001, 4.970757107000001, 4.990042214, 4.948265637, 4.953219428, 5.202983448, 4.9121804970000005, 4.906569945, 4.946192892, 5.210972613999999, 4.999015558, ]
47-16	6	[8.443216732, 8.044817646, 8.120932408, 8.284670214999998, 8.151238593, 8.443097832, 8.187195275, 8.023131714, 8.552975543, 8.600003737000002, 8.172682407, 8.096490003, 8.284922085, 8.315124934, 7.986972496, 8.128951429, 8.045925694, 8.157187465, 8.202000065, 8.201360152, 8.211978419000001, 8.226378571, 8.134291625, 8.430032668, 8.189896458, 8.132863096000001, 8.058642689, 8.086651088, 8.295019912, 8.398420567, 8.088493272000001, 8.200174898, 8.143395453, 8.196113601, 8.176679754, 8.618644572000001, 8.245852223, 8.128840334, 8.423806825000002, 8.179144275, ]
46-20	6	[4.900750717, 4.997905331, 4.988673914, 4.968834462, 4.964514931, 5.032143221, 4.917122411, 4.968231393, 4.91143059, 4.940244497, 5.035433157, 4.945817312, 5.126147530000001, 4.940925786, 4.953205208999999, 4.935384368999999, 5.080890383, 4.925806924, 5.090381484, 4.94055961, 4.964119877, 4.922894438, 4.897984006, 4.962515602, 5.032946247, 4.901729528, 4.893118447, 5.072056742000001, 5.137876471, 5.07961865, 4.97561485, 5.084214729, 4.967908313000001, 5.020569615, 5.003887115, 4.961413898, 4.993914888, 4.938437995, 4.913086594, 5.0440624949999995, ]
50-26	6	[7.8104664029999995, 7.872563498, 7.748658561, 7.989945702, 7.681621021, 8.116596451, 8.082874602, 7.866073476, 8.216092535, 7.876348975999999, 7.87338758, 7.783289962, 7.677707454, 7.834854967000001, 8.066248474, 7.74748429, 7.750175935, 7.91759983, 7.908884861, 7.845904561, 7.744682257000001, 8.123260396000001, 7.790148781000001, 8.156504987, 7.889104559, 7.847813079999999, 7.81652219, 7.8277892200000005, 7.805936017, 7.737013039, 7.928314981000001, 7.828176312999999, 7.993536241000001, 8.124194756000001, 7.780081316, 8.128037646000001, 8.158862720999998, 7.9021245470000006, 7.739380004, 7.834589844000001, ]
49-18	7	[7.866406308, 7.662321696, 8.292225251, 8.105156923000001, 7.763223136000001, 8.167333202, 7.779751130999999, 7.847353954000001, 8.200151619, 7.841538555, 7.709058305000001, 8.092866959, 7.974180737999999, 8.138935349, 7.880640028, 8.205954912000001, 8.210396174, 7.760265184, 7.778027892, 8.187594669, 8.076487132, 8.321254452, 7.935533763999999, 8.353787389, 7.69116398, 7.793533641, 7.890190962000001, 7.988517182000001, 7.909430603, 7.8049617829999995, 7.83047441, 7.867969082999999, 7.825860390000001, 7.856716455, 7.917371823, 7.7534672989999995, 8.059494937, 8.008114405, 7.8723010019999995, 7.826271440999999, ]
46-17	6	[8.064012839, 8.018612458, 8.055574703, 8.230670887999999, 8.138029847, 8.162717747, 8.174490925, 8.092965958, 7.9453099499999995, 8.129171354, 8.069644007, 8.221802275, 8.200280100999999, 8.052701249, 8.124706697, 8.075103647, 8.110355976000001, 8.044378004, 8.286224528, 8.504735172, 8.285252972, 8.080115437, 8.131951591, 7.9883144040000005, 8.072606873, 8.125251265, 8.082661973, 8.031793207, 8.020930695, 7.979717249, 8.106244684, 8.218165426999999, 8.240507616999999, 8.181822160000001, 8.438054653, 8.062912334, 8.285162383, 8.056053485, 8.252862787, 8.175015494, ]
45-1	7	[8.158839231, 8.277037627, 8.148440392, 8.273059174, 8.180837042, 8.077390702999999, 8.308404891, 8.167688455, 8.053871141, 8.286203233, 8.042782018999999, 8.322528346, 8.204932591, 8.359180876, 8.204975667, 8.106303245, 8.381292939, 8.138193738, 8.292991351, 8.138478597, 8.460543574999999, 8.423028828000001, 8.206512000999998, 8.186656278, 8.001672477, 8.254667021, 8.417783650999999, 8.049527686, 8.136280257000001, 8.858441911, 8.130494667, 8.311854540999999, 8.22924309, 8.090871242, 8.256243299, 8.015620421, 8.301952189, 8.254841852999999, 8.188581792, 8.165857811, ]
39-28	5	[5.259672005, 5.187830561999999, 5.109571291, 5.187972189, 5.172109493000001, 5.1794805020000005, 5.1666337470000006, 5.1839590399999995, 5.302425541000001, 5.184573469, 5.239188151, 5.125373153, 5.155573691000001, 5.179896857, 5.184878617, 5.193810015, 5.253258718, 5.320320403, 5.136430075, 5.155149821999999, 5.143458666000001, 5.224314034, 5.1455618770000005, 5.27932455, 5.13800439, 5.162189968, 5.279984625, 5.083678272, 5.133593867999999, 5.178178257, 5.275861556, 5.206168907, 5.130947359, 5.154229826, 5.1989269789999994, 5.2517849409999995, 5.321255898, 5.1646045560000005, 5.1048628879999995, 5.214005284, ]
40-27	6	[8.174585832, 8.062949308999999, 7.942202374, 8.343688124, 8.19013732, 8.120141086, 7.904605784999999, 8.121694095999999, 8.028799386, 8.247200461999999, 8.466518521, 8.099124436, 8.001159685, 8.572946213, 8.024998073999999, 8.086051429000001, 8.025259220999999, 8.007554942999999, 8.259070156, 8.082260978, 8.187806358, 8.094149143, 8.150080072000002, 8.069744919, 8.331547414, 7.978169748000001, 8.214133347, 7.987995001000001, 8.047068961999999, 8.276207496, 8.493046221, 8.507173784999999, 8.361147079, 8.227290415, 7.851127500999999, 8.328174962, 8.026044477, 8.119248673000001, 8.165719365000001, 7.991506621999999, ]
27-21	5	[4.526572364, 4.748555306, 4.744285646, 4.503810002, 4.647611834, 4.493931293, 4.567916655, 4.673237607, 4.538653178000001, 4.5641604970000005, 4.698614741, 4.534637619, 4.471851366, 4.5597687339999995, 4.955204297, 4.634837016, 4.509952842, 4.635723807, 4.5893358410000005, 4.611548657, 4.519947275, 4.5443753330000005, 4.661049437, 4.63756014, 4.587337211, 4.687485091, 4.564571462, 4.707821918, 4.566173576, 4.571447622, 4.602510372999999, 4.559254051, 4.637735989, 4.5720479009999995, 4.526740126, 4.565130054, 4.6081038450000005, 4.6810050489999995, 4.585084662000001, 4.644870629, ]
15-16	7	[8.217343556, 8.506352478, 7.965401235, 8.162773642, 8.256989416000001, 8.233997836, 8.156838491, 8.518477227, 8.298148926, 8.287461325, 8.151361581, 8.164780523, 8.277554727, 8.71135344, 8.122712916000001, 8.085299090000001, 8.032948884, 8.647357039, 8.281749665, 8.267762348, 8.084300935, 8.224763561, 8.247390536, 8.529132582999999, 8.205405370000001, 8.188924655, 8.145102070999998, 8.160636131, 8.31709836, 8.114601268, 8.060385325, 8.158503158, 8.3200401, 8.322946638, 8.24270758, 8.164006244, 8.216578364, 8.127136203000001, 8.198747371000001, 8.246969329, ]
15-12	6	[5.065819264, 5.051900274, 5.086165733, 4.991163187, 5.026137599, 5.047949033, 4.9684950059999995, 5.127522879, 5.228036233, 4.987692587, 5.031251943, 5.0265146529999996, 5.2015351149999995, 5.107747717, 5.042535701, 5.028212181, 5.004035181, 5.343625920999999, 5.142858751, 5.116378195, 5.046107433, 5.0123027239999995, 5.047161748000001, 5.1029553629999995, 4.961522637, 4.962470036, 5.032802922, 5.084535175, 5.1580742399999995, 5.096492196, 4.994099503, 5.069608167, 5.001082944999999, 5.13314732, 4.988004375, 5.09819753, 4.985325491999999, 4.995566209, 5.072517439, 5.171041266, ]
3-17	8	[8.257812098, 8.265956132, 8.498103881999999, 8.402890447, 8.360242834, 8.543440329, 8.361757021, 8.123645002, 8.416467754000001, 8.324406706, 8.386222068, 8.258905465, 8.309135186999999, 8.397506986, 8.229924658, 8.312542467, 8.299718472, 8.211941934, 8.250951543000001, 8.699210411, 8.375929695, 8.814862397999999, 8.397518575, 8.232489514000001, 8.374491286, 8.435246842, 8.679969446, 8.282923289, 8.519774905, 8.487930846, 8.169557666000001, 8.594296728, 8.217240773, 8.349490129, 8.353252694, 8.53923331, 8.292303753, 8.352076382, 8.160572036, 8.251516675, ]
1-24	9	[8.342621338999999, 8.156458736, 8.23295603, 8.384342037, 8.492311081, 8.544273798, 8.320526156000001, 8.486191302, 8.185800159, 8.399157342, 8.226975704, 8.371643701, 8.207505639, 8.348693614, 8.251907868999998, 8.498215308999999, 8.403521311999999, 8.344359872, 8.311819422, 8.219101191, 8.241828357000001, 8.350342683000001, 8.255255927999999, 8.267098642999999, 8.560635060000001, 8.332300048, 8.308047526, 8.441494756, 8.323311934000001, 8.386233956, 8.270951899, 8.348593845, 8.353303154999999, 8.277951018000001, 8.592216678, 8.320357619, 8.412580753999999, 8.426508295, 8.582929339, 8.293615623, ]
30-22	5	[4.5480282590000005, 4.552184733000001, 4.528099126, 4.542942272, 4.55442764, 4.633081966, 4.611190068, 4.617109793, 4.574332871, 4.58453701, 4.611773511, 4.841934477, 4.664675473, 4.628001231, 4.549132912, 4.558629858, 4.751018815, 4.694785801999999, 4.493434604, 4.595588347, 4.572789217, 4.607868504, 4.54264508, 4.593204119, 4.575961503, 4.7709780230000005, 4.5664940099999995, 4.474568953, 4.5931328250000005, 4.7394572550000005, 4.556092441, 4.7210294600000005, 4.717048998, 4.8766175370000004, 4.69289019, 4.712929784, 4.755976962999999, 4.530261162, 4.740399331, 4.575633715, ]
27-10	6	[7.685646929000001, 8.388334831, 7.714064095, 7.561988037, 7.759790489, 7.964629394999999, 7.832151499, 7.635324015, 7.617889408, 7.9360223240000005, 7.851396327999999, 7.688158698, 8.081140785, 7.594720067000001, 7.714416515999999, 7.770723416, 7.825244646000001, 7.667918756000001, 7.708976656, 7.723982514, 7.759520344, 7.891237516, 7.791861719, 7.714313088, 7.935165304, 7.552947484000001, 7.659410836999999, 7.745589546, 7.697152674000001, 8.09942168, 7.579682185999999, 7.600599266, 7.762009735, 7.9951774879999995, 7.726550168999999, 7.861756432000001, 7.420824172, 7.780098776, 7.901232901, 7.676469808999999, ]
26-8	8	[7.638913411, 7.608072321, 7.731141326, 7.557318577999999, 7.663427098999999, 7.698053015999999, 7.821398711, 7.8178894350000006, 7.853363342, 7.663585753999999, 7.699540331000001, 7.9987625300000005, 7.772143590000001, 7.707807688999999, 7.494855427999999, 7.798726193, 7.948962375000001, 7.592388139, 7.917167435999999, 7.6397460630000005, 7.719237703999999, 7.849958094, 7.766079872000001, 7.627047865, 7.641828631, 7.837722061999999, 7.6686082739999994, 7.535478018, 7.77004403, 7.629391903, 7.537571703999999, 7.810426882, 7.683515912, 7.547541611, 7.643997374, 7.838877342, 7.724911274, 7.88307394, 7.688442149999999, 8.46716931, ]
24-23	6	[4.738414474, 4.6434633089999995, 4.468569683, 4.51448979, 4.574140494, 4.680329327000001, 4.523975581, 4.660631391999999, 4.579840578000001, 4.804296443, 4.507086858, 4.565606797, 4.583207033, 4.728491258, 4.582169525, 4.6768611589999995, 4.700635066, 4.591584662, 4.549399719, 4.543440457, 4.55929217, 4.547718945000001, 4.503028732000001, 4.552421446, 4.666500271, 4.6962408490000005, 4.582083742, 4.7489857099999995, 4.794922708, 4.589062741, 4.582874951, 4.584281399, 4.62786992, 4.629130742, 4.459476985, 4.634948518, 4.677565133, 4.602469114, 4.497305964, 4.5143484240000005, ]
20-11	7	[7.8742737510000005, 7.819091761, 7.722025797, 8.039059779, 8.081634741999999, 7.786617750999999, 7.931223873, 7.785237317000001, 7.883981805, 7.9416223, 7.663986901, 7.7699625260000005, 7.883637840999999, 7.929243792, 7.810164548, 8.011447332, 7.766780471, 7.9498753230000005, 7.9513041509999995, 7.862051584, 7.911461769, 7.737808526999999, 8.055100407000001, 8.510381746, 7.993412634, 7.714940521999999, 8.013834048000001, 7.683904449999999, 7.860434296, 7.853899480000001, 7.6475682879999995, 7.763907645000001, 7.899698270000001, 7.942301972999999, 7.823064154000001, 7.8510582520000005, 7.699645977, 7.726460855999999, 7.883815794, 7.734663553000001, ]
18-2	9	[8.111941974999999, 8.087569881, 8.011022074, 7.716054384, 7.703470479999999, 7.839613075999999, 7.752486019, 8.125598517, 7.814921385, 8.147501665, 7.9659070299999994, 7.657828643999999, 7.804320215000001, 7.823399944, 7.678973088999999, 7.74291002, 7.880000146, 7.831597103000001, 7.868180347000001, 8.075500772, 7.734091953, 7.9435204509999995, 8.073034132999998, 8.10371427, 7.8773898959999995, 7.944467219000001, 8.115622556, 7.880130018, 8.138483161, 7.737627399, 8.098014375, 7.853529854, 7.9766280830000005, 7.936525445, 7.931989754, 7.932187075999999, 7.791348549000001, 8.152420988, 7.905119193999999, 7.931951368, ]
17-15	6	[4.741658749, 4.714676248, 4.713681601, 4.70844761, 4.7015145689999995, 4.835040642, 4.652329719, 4.823691985, 4.681249273000001, 4.714628339999999, 4.967496548, 4.854247383, 4.6734841199999995, 4.819839365, 4.831529242999999, 4.623259261, 4.671717817999999, 4.569456286, 4.71807054, 4.699389301, 4.7437118840000005, 4.697063695, 4.624453213, 4.789834666, 4.7196819119999995, 4.862601139, 4.763646641999999, 4.6732636329999995, 4.6803961780000005, 4.762574345, 4.782978867, 4.709024028, 4.6890424699999995, 4.748745866999999, 4.660667438000001, 4.837002812, 4.843727091, 4.6981729340000005, 4.835141611, 4.730983591, ]
17-12	8	[4.626259747, 4.702096698999999, 4.959382557, 4.697443937, 4.681272035, 4.879958943, 4.9317923939999995, 4.593303118, 4.692944227, 4.671363926, 4.677341911, 4.656450183, 4.644087922, 4.822047964999999, 4.878305169000001, 4.807307989, 4.66824721, 4.724659312, 4.674555419, 4.717749682, 4.7630086380000005, 4.736227818, 4.70656082, 4.7968476540000005, 4.703298219, 4.919408596, 4.7938226440000005, 4.706594546000001, 4.70577422, 4.7483369380000005, 4.754888183, 4.654293399999999, 4.696706572, 4.74662609, 4.8325215539999995, 4.72088421, 4.813644988999999, 5.003172622999999, 4.655814876, 4.862546824, ]
11-30	5	[5.095012174000001, 5.0194848930000004, 5.182934127, 5.06000234, 5.761426900999999, 4.923358652, 5.054171875, 4.976037208999999, 5.133945517000001, 5.059563053, 5.199332839, 4.980054637, 5.080155041, 5.017402517, 5.017670971, 5.045606894, 5.0294309770000005, 5.084935219, 5.215662085, 4.937767202, 5.019703645, 5.174620083000001, 4.974477091000001, 5.095244663, 5.017075704000001, 5.148312921, 4.946547092, 5.01556926, 5.165444315999999, 5.063503668, 5.249895879, 5.025374696, 5.06045908, 5.231950266999999, 4.9276318759999995, 5.093819053, 5.103880026, 5.114117411, 5.149257733, 5.020440173, ]
9-9	8	[8.563241589, 8.162858551, 8.069413878999999, 8.325584078, 8.293483553, 8.100291092, 8.336490768, 8.372012945, 8.076832359, 8.245322482, 8.417026061, 8.270922817999999, 8.34430962, 8.582218816, 8.049999821, 8.243283342, 7.919070007, 8.192480912, 8.223039455, 8.318758836, 8.360869862000001, 8.063368272000002, 8.212673053000001, 8.156050260999999, 8.262083756, 8.329423597, 8.118808456999998, 8.128930622, 8.419924015, 8.155765515999999, 7.986784935, 8.145685885999999, 8.063534762, 8.238851711, 8.27049365, 8.113348057, 8.427298318999998, 8.372441663, 8.207826249, 8.317408042, ]
9-4	9	[5.065433827, 5.003365424, 5.074774573, 5.11123959, 5.094461629, 5.167547917, 5.083090234, 5.017235943, 5.186928638, 5.13232426, 5.031337385, 5.012570396999999, 5.083149469, 5.064910897, 5.112532515, 5.016519584999999, 5.048375291999999, 5.139670753, 5.0650900739999996, 5.120431774, 5.026097239, 4.983990936, 5.033535444, 5.054889924, 4.9627773049999995, 5.077587675, 5.028605441, 5.236132576, 5.105847235000001, 4.980968782, 5.020777935, 5.024031602, 5.063578801, 5.034244748000001, 5.152002884, 5.012474542, 5.04787445, 5.024497612, 5.055766686, 5.062268371, ]
9-3	8	[8.232431178, 8.091714155, 8.338043704999999, 8.252210359, 8.354276154999999, 8.221130518, 8.265128712, 8.359891267, 8.330404056999999, 8.750334993000001, 8.523247572, 8.542670724999999, 8.231033991999999, 8.001559748, 8.392043413, 8.003698286999999, 8.335405151, 8.300628435, 8.073611309999999, 8.062040137, 8.523071725, 8.136748614999998, 8.238451437999998, 8.211681925999999, 8.272247559, 8.124677461, 8.209655087, 8.879148302, 8.154166827000001, 8.040565075, 8.243089331, 8.379075803000001, 8.083694613, 8.021851681000001, 8.295844889, 8.397756779, 8.320575736, 8.070350924000001, 8.373239962000001, 8.931253582999998, ]
5-17	8	[8.416651962, 8.062362767, 8.502480053000001, 8.330994375, 8.326605520000001, 8.113705530999999, 8.392295969, 8.326004411000001, 8.246549944000002, 8.360780495, 8.149448703000001, 8.479016908, 8.192405418, 8.436525181, 8.649097578, 8.496903614999999, 8.465977293, 8.67786116, 8.35835078, 8.356393127, 8.166428599, 8.16530949, 8.377316179000001, 8.749677004, 8.365059377, 8.310830955999998, 8.571503346, 8.525798621, 8.488542892, 8.341904067, 8.862946580000001, 8.484861376, 8.53087174, 8.252546887, 8.370565453, 8.416699655, 8.219798126, 8.299372938, 8.361050913, 8.25057182, ]
4-13	8	[5.0712505740000005, 4.9941594789999995, 5.036669087000001, 5.065614094, 5.067618823, 5.199520417, 5.18900338, 5.035439258, 4.998729551, 5.202319373, 5.071398308, 5.007511715, 5.1280980750000005, 5.060145287, 5.100089174, 5.054901025, 5.187357511, 5.0859044319999995, 5.125365912, 5.102772463, 5.0260562790000005, 5.169214182999999, 5.074717392, 5.052459351, 5.150934368, 5.233578637, 5.223786014, 5.1970202930000005, 5.067918455, 5.287317626, 5.06509562, 5.049858142, 5.184018495, 5.122213346, 5.098834423, 5.073268289, 5.070591392, 5.056205735000001, 4.977248309, 5.099227251, ]
8-12	9	[5.0166394069999996, 4.883779105, 5.119411735, 4.9260305099999995, 4.974209217, 4.898863901, 4.924460904, 4.862269514, 4.931380046, 4.932834736, 4.915204609, 4.916395679000001, 4.97505618, 5.162893096, 4.867925787, 4.954957015, 5.615194123, 5.163912966, 5.086359799, 4.933429651, 4.900093856000001, 5.028322386, 4.882564865, 5.051805365, 4.907555628000001, 4.971563082, 4.9118061609999994, 5.057334246, 4.918836797, 4.915685649, 4.95312788, 4.9346249879999995, 4.886920062, 4.922256773999999, 4.901893915, 4.929523413, 4.9506330610000004, 4.922593831, 5.084144266, 5.011951921, ]
6-15	6	[5.054517157, 5.0324044489999995, 5.110391420999999, 5.0157411000000005, 5.0617914719999995, 5.050140718, 5.246832438, 5.151269168, 5.095450279, 5.14167529, 5.249677526, 5.048041713, 5.111667096, 5.186009278, 5.097192357000001, 5.082452920000001, 5.239767753, 5.092681059, 5.175892013, 5.157510735, 5.156856916, 5.195256818, 5.044955409000001, 5.020267584, 5.125600514, 4.997532201, 5.205183939, 4.958907362000001, 5.028671403, 5.106990493, 5.007676481, 5.161470457, 4.984939733, 5.018426136, 5.105249819999999, 5.134125825, 5.016549093, 5.185852800999999, 5.217643584, 5.197327001, ]
4-10	9	[8.3093664, 8.130973763, 8.607598816, 8.268259039, 7.992416753, 8.099937666999999, 8.215311596, 8.021816596999999, 8.455133650999999, 8.301533089, 7.996410539, 8.334121525, 8.171923428000001, 8.103916861999998, 8.190974311, 8.205631106, 8.44798695, 8.122877798, 8.273458692, 8.068795025, 8.266832128999999, 8.22886256, 8.098304269, 8.328666995, 8.18305612, 8.401057131, 8.214629994000001, 8.365522381, 8.337378507, 8.198145768, 8.223883908, 8.115706023, 8.217774316, 8.35189535, 8.782253637, 8.037605883000001, 8.409631958, 8.252618684, 8.017079260000001, 8.461655576, ]
31-20	5	[4.552739326, 4.631621182, 4.570426545, 4.731684771, 4.528796894, 4.6372264130000005, 4.500548844, 4.752734035, 4.649212687, 4.664956509, 4.569734572, 4.618795787, 4.574989436, 4.486987738, 4.532778625000001, 4.648441866, 4.5938855510000005, 4.550793167, 4.621431127, 4.514039631, 4.775380285, 4.591957462, 4.622196042, 4.551393309, 4.630341804, 4.596696935, 4.571860906, 4.602371139, 4.586702249, 4.677092529, 4.5746034369999995, 4.715308159, 4.57487452, 4.6951959080000005, 4.571447076, 4.762372293, 4.5905137499999995, 4.995271573999999, 4.52740431, 4.618495552, ]
14-21	6	[4.925143511, 4.97027662, 5.024588806000001, 5.265785170999999, 4.898342928, 5.0718691279999994, 4.954258042, 4.9355309389999995, 5.039521196, 4.98025218, 4.944118544, 4.998595419, 5.018038318, 4.947134692, 5.027552274, 4.960875882, 4.930948482, 5.001003808, 5.465060704, 4.972756007, 4.950471883, 5.0263526700000005, 4.951648703, 5.089755443, 5.0657942579999995, 4.898941941, 5.000448792, 4.9192086669999995, 4.910819869, 4.956105452, 4.939419074, 4.911448621, 5.0333092950000005, 4.997878357, 5.022828056, 4.858011695, 4.895997653999999, 5.0556435539999995, 5.139327206000001, 5.044852972, ]
14-17	7	[8.320058066, 8.08043571, 8.149205, 8.434436888, 7.890952700999999, 8.12674103, 8.139569562, 8.244953513, 8.118700307, 8.009866188999998, 8.264277786, 8.01827362, 8.237186271999999, 8.075045738, 8.159892490999999, 7.9915504429999995, 8.073219516, 8.147530967, 8.364895653, 8.430062563, 8.010705118999999, 8.078584914, 8.203593898, 8.510712768, 8.020901099, 8.032811435000001, 8.057084796, 8.083916341, 8.225070792, 8.168044134, 8.521661444, 8.033115315, 8.223903958000001, 8.199967491, 8.022494773, 8.176371642, 8.314232871, 7.930351162000001, 8.114781903999999, 8.077792625999999, ]
9-21	7	[5.055697286999999, 5.049288056, 5.0286924090000005, 5.1574245450000005, 5.041202436, 5.13037471, 5.1621364409999995, 5.1965230579999995, 5.005780733, 5.289044067, 5.1822148320000005, 5.05804489, 4.948171655, 5.101611041, 5.356614694, 5.070353487, 5.219010804, 5.064533376, 5.08555324, 5.0465681369999995, 5.1276578079999995, 5.098439473, 5.074335864, 5.001202403000001, 5.001307437, 5.128368558, 5.086279517, 4.975221867, 5.0239551030000005, 5.011352421, 5.039062105999999, 5.081674899, 5.154495295, 5.1247070710000004, 5.074558738, 5.117700201, 5.007358279, 5.0054727, 5.016394447, 5.013724529, ]
5-26	7	[8.666456969, 8.283823218, 8.295347649, 8.356910191, 8.57677402, 8.218117740999999, 8.429926391, 8.217610816, 8.238413919000001, 8.296893178000001, 8.16677119, 8.379968702000001, 8.303780728, 8.438962076, 8.854930036999999, 8.22946791, 8.54897826, 8.149640317, 8.352408615000002, 8.459859299, 8.295750058, 8.29251322, 8.228806366999999, 8.252026062, 8.413048696999999, 8.493240738, 8.366334148, 8.706208007, 8.302478245, 8.240670996, 8.489393804, 8.139206452, 8.833056717, 8.429134411, 8.44294885, 8.555644656, 8.227523081, 8.278912385, 8.328489685, 8.642507957000001, ]
2-1	10	[8.393969932000001, 8.138624866, 8.350297449000001, 8.230212824, 8.251885854, 8.170378384, 8.295865946000001, 8.57663771, 8.155756785, 8.285503692, 8.147394978000001, 8.135188171, 8.186619034, 8.302244902, 8.381765648, 8.183759257, 8.313622084, 8.285541787, 8.419669395, 8.134030133, 8.172679249, 8.270341165, 8.331375388000001, 8.114397136, 8.243017119000001, 8.323662208, 8.188519607, 8.286718239, 8.306047741, 8.252848034, 8.388997856, 8.174446481999999, 8.331646281, 8.049470329, 8.191724482, 8.241785609, 8.114866432000001, 8.287270303, 8.432770732, 8.302885318000001, ]
34-13	7	[5.230844211, 5.080420297, 5.011980011, 5.025808484000001, 5.0259807379999994, 5.000138927, 5.1522355300000005, 5.04087795, 5.14086713, 5.009180436, 5.191541653000001, 5.196782075, 4.987100987000001, 5.179400561, 5.052637729000001, 4.998111657000001, 5.227814434, 5.057093604, 5.075058749, 5.13240186, 5.061507642, 5.085992671, 5.045434223, 5.0077957170000005, 5.0862713600000005, 4.996263799, 5.062149902, 5.100962922, 5.030396742, 5.050778471, 5.046751499, 5.071810966999999, 5.1472937199999995, 5.283022986000001, 5.217809151, 5.187774437, 5.055885529, 5.004649389, 5.102885058, 5.020364718, ]
15-1	7	[8.201137403999999, 8.500443906, 8.049030106, 8.290220388, 8.321587158, 8.535024561, 8.266657991999999, 8.243289018, 8.185796913999999, 8.442071138000001, 8.020740637, 8.037611848000001, 8.157460642, 8.090900626000002, 8.206598955, 8.035273353, 8.11461857, 8.114226382, 8.169337974000001, 8.383208956999999, 8.168076411000001, 8.106315816999999, 8.794204054, 8.279600847000001, 8.146652749000001, 8.164593389, 8.255129694, 8.156621142999999, 8.194736701, 8.324702763, 7.992288578, 8.139273666, 8.491901962, 8.239060711, 8.286897290999999, 8.079178263, 8.196598024, 8.023912206999999, 8.043963232000001, 8.482636372, ]
7-27	5	[8.423388506, 8.241835249, 8.298341845, 8.213488556000001, 8.333552660999999, 8.757811296, 8.384845702, 8.635216146, 8.312777649, 8.194632082, 8.397531947000001, 8.217074357, 8.486879763000001, 8.134990861, 8.203683838, 8.678036215999999, 8.668943121, 8.158643622, 8.310370144, 8.799827427, 8.225517589, 8.400618933, 8.133300574, 8.533436758, 8.325749682000001, 8.241791715000002, 8.297019525, 8.315913481, 8.18426932, 8.385022111, 8.616115469, 8.311525789, 8.679453698, 8.263040029999999, 8.27683439, 8.443554739, 8.307711390000001, 8.603359401, 8.67614717, 8.247355289, ]
2-15	7	[5.092666551000001, 5.227482551, 4.982556597, 5.128021177, 5.070656071, 5.158744432, 5.044674889, 5.006027381, 4.999533332, 5.069174628, 5.078587768, 5.212687933, 5.081390325, 5.1465050859999995, 5.162533518, 5.115124514, 5.048346555, 4.977419692, 5.155356845, 5.044706798, 5.345139638000001, 5.188306813, 5.152501214, 5.364678914, 5.0609324419999995, 5.075787515999999, 5.252723931, 4.970089362, 5.046052429, 5.130697434, 5.020738238, 5.179338207000001, 5.569675504, 5.148807331, 5.110304153, 5.113960705, 5.137818128, 4.984891681, 5.204257432, 5.063689418, ]
22-24	7	[7.881656596000001, 7.847588753999999, 8.250945334999999, 7.726896052999999, 7.8868256059999995, 8.185416002999998, 7.868430044, 8.230336722999999, 7.894971413, 8.59108112, 8.003701069, 7.850724947, 7.981137903, 7.850976470000001, 8.108045574, 7.749674367999999, 7.936462369, 7.9400277699999995, 7.983045353, 7.95956593, 8.24734484, 7.772495664000001, 8.1588898, 7.810133772, 7.861089501, 7.914550913, 7.843918846, 7.861034150999999, 7.797965315, 7.95422522, 7.9042584730000005, 7.933356798, 7.814412063, 8.055848172000001, 7.746818451, 7.8454454590000005, 8.341311742, 7.890152029, 7.897502764, 8.11242841, ]
10-7	7	[5.009049632, 4.899963583, 5.096681322, 4.928844537, 4.921847896, 4.966218713, 4.890175317000001, 4.983545762, 4.964451517, 4.946581816999999, 4.961499208, 5.008649235, 4.972540743000001, 5.111628352, 5.162225888, 5.048001523, 5.0248109, 5.036782572, 4.921956223, 4.966335860999999, 4.9343304539999995, 4.949582558, 4.916777113, 4.935288732, 4.946537318, 4.9979948, 5.08526638, 4.920619959, 4.892757934, 5.1483313299999995, 4.915827435, 5.0020258449999995, 5.069641893, 4.998436501, 4.97990122, 5.056961323, 5.099415284, 4.929093923, 5.003234293, 5.011814028, ]
6-20	8	[5.053206814999999, 5.073031982000001, 5.073171747, 5.0564660130000005, 5.171893163, 5.09647003, 5.043060582, 5.087792534999999, 5.134845574, 5.050487811, 5.064709043000001, 5.094766987, 5.1711831880000005, 5.409110989, 5.0712365219999995, 5.0145443069999995, 5.079914063, 5.079791682, 5.215629548, 5.036951837999999, 5.2702021299999995, 5.040131149, 5.0669191090000005, 5.471140405, 5.289747124, 5.122281408, 5.188131694, 5.169337694, 5.217252861, 5.076221157, 5.075986015, 5.584810908000001, 5.128822983, 5.141503502, 5.050001526, 5.178073704, 5.120776222000001, 5.158785686, 5.2097999900000005, 5.126446016, ]
0-8	11	[8.210214641, 8.236552796000002, 8.338526759999999, 8.238049414, 8.222103004, 8.137238145, 8.303908802, 8.286828859, 8.239698367999999, 8.346850504, 8.229396265, 8.300620426, 8.117249765, 8.375679172, 8.417169454, 8.170975711, 8.281785923000001, 8.284307059, 8.272744694, 8.215263117000001, 8.161609265, 8.402791893000002, 8.447909810999999, 8.335107569, 8.484216536, 8.544061, 8.294093036, 8.226567401, 8.30813513, 8.074459941999999, 8.344537539000001, 8.225853144, 8.438386307, 8.321015796000001, 8.207599311, 8.550618269, 8.133896123, 8.25549589, 8.214077243999999, 8.30915337, ]
