41-13	6	[4.972356723, 4.997448931, 5.048764837, 4.960698075, 5.030482123, 5.095959154, 5.029394376, 4.973393943, 5.148842291, 5.001498839, 5.201754241, 4.974964043, 5.029046141, 5.152205203, 5.033627007, 4.932512804, 5.184959289, 4.998969658, 5.10441243, 5.022898759, 4.977689193, 5.009669686, 4.95256659, 5.018565798, 5.1465029520000005, 4.999130686, 5.029546154, 5.045482515, 5.057090582, 5.168390537, 5.319995746, 5.01156482, 5.192146794, 5.012040776, 5.015801947, 5.199924032999999, 5.079299812, 5.024234309, 4.99421874, 5.006049433, ]
41-16	8	[8.219966739, 8.214001496, 8.027794799999999, 8.504373066, 8.296535455, 8.503500117000002, 8.230525817999998, 8.163064083, 8.416988985, 8.150087395, 8.649118108, 8.462173847, 8.123226915, 8.284538326, 8.244220751999999, 8.186177424, 8.527932268999999, 8.177116224, 8.265437074, 8.456510325, 8.288513247000001, 8.156723331999999, 8.253923297, 8.46774179, 8.263403882999999, 8.069965531, 8.268321774, 8.112013129, 8.113208914, 8.592016926, 8.068189791, 8.29193163, 8.059590051999999, 8.377887597, 8.062705818, 8.213575375, 8.621207531, 8.199803308, 8.436353611, 8.359773527, ]
35-9	7	[8.279548814, 8.460881492999999, 8.246427310000001, 8.483311052, 8.257725811, 8.418658873, 8.280145191, 8.339561395, 8.3406747, 8.610855964999999, 8.194809443, 8.424704253, 8.258830333, 8.451452959, 8.391257538, 8.255005395000001, 8.150785451, 8.389671980000001, 8.447222409, 8.408919808, 8.069944376, 8.296474115, 8.278713875000001, 8.20813712, 8.275615704, 8.473481012, 8.334608486999999, 8.240623002, 8.425054446999999, 8.251811082, 8.582315261, 8.209257845, 8.112214064, 8.392795819000002, 8.275148252000001, 8.389354781000002, 8.810478644, 8.294840433, 8.324139306000001, 8.29075896, ]
37-17	7	[8.659088222, 8.310014648000001, 8.128414485999999, 8.500410174, 8.618663535, 8.401675967000001, 8.157358975, 8.512946742, 8.378841573999999, 8.281603968, 8.032340521, 8.511238741, 8.662167071, 8.509826959000002, 8.609280367, 8.257027927, 8.437465322000001, 8.220750842000001, 8.326346354999998, 8.243834183, 8.791418068, 8.406419273000001, 8.479964489999999, 8.553962854, 8.408396314, 8.227273137, 8.327528403, 8.344391129, 8.345233337, 8.38403431, 8.676742091, 8.239281286999999, 8.348516266999999, 8.244490195000001, 8.408029823, 8.328273955, 8.203507606999999, 8.266890759, 8.306808972999999, 8.550918107, ]
42-22	6	[4.921788303, 4.934788911, 4.945047518999999, 4.959865553, 4.84507947, 4.864924287, 4.954980943000001, 4.919694288, 4.925914366000001, 5.005760159, 4.958693749, 4.87986919, 4.858536271, 4.974647775, 5.001636930999999, 5.026543439, 5.003206128, 4.884886381, 4.958971696, 4.922440390999999, 4.976710232, 4.968768474, 4.963975368, 5.1226359420000005, 5.211153272, 4.96660884, 4.915890903, 5.05409074, 5.107189836000001, 4.892892397, 4.9573495780000005, 5.037443673, 5.0839524670000005, 5.05037, 4.996837108, 4.99813454, 4.996437663, 5.029293599, 5.023105913999999, 5.0339996750000005, ]
35-11	6	[8.976887473, 8.416193867, 8.429164115, 8.407657931000001, 8.325333123, 8.39239596, 8.56289873, 8.29689735, 8.306999837, 8.358314631999999, 8.383325092, 8.466121278000001, 8.320268497, 8.218125678000002, 8.272519213, 8.172323176, 8.248895099, 8.296658849, 8.280614973, 8.132451637, 8.491232349999999, 9.010427019, 8.398884234, 8.527366324, 8.346759974000001, 8.305446542, 8.295636720000001, 8.386906066, 8.110917744, 8.261748685, 8.359161545, 8.523498610999999, 8.048692511, 8.170367596999998, 8.017373902, 8.435578756, 8.296251995, 8.313939955, 8.223821373, 9.030051236999999, ]
55-23	3	[4.782379559000001, 4.867060084, 4.651270244, 4.69738438, 4.913043127, 5.148357002, 4.697582176, 4.799299669, 5.0304817559999995, 4.652231377, 4.673803381, 4.6182970039999995, 4.65707929, 4.6667179370000005, 4.6982619859999994, 4.664224074, 4.666283896, 4.779051431999999, 4.81774413, 4.648629827, 4.711833518000001, 4.820678041, 4.750485714, 4.687737918, 4.795782742, 4.700258183, 4.634669168, 4.881403112, 4.6578568339999995, 4.813373835999999, 4.7339432409999995, 4.673282216, 4.7915508330000005, 4.750562449999999, 4.8480736790000005, 4.6898249839999995, 4.7103753809999995, 4.658498477, 4.818369562, 4.708106345, ]
35-8	8	[8.286977532, 8.129677178, 8.306249318, 8.11639985, 8.179682042, 8.147959426, 8.39005294, 8.380576907, 8.409976692999999, 8.208308289, 8.566755443, 8.197910925, 8.320003487, 8.289127175, 8.107756481, 8.286086807, 8.594363782, 8.294921712, 8.127707510999999, 8.437898964999999, 8.221742655, 8.076501433, 8.362108872999999, 8.041490633999999, 8.250761315, 9.062034486, 8.260535736000001, 8.336706440999999, 8.273177956, 8.40074261, 8.239655626000001, 8.315781939, 8.288937574, 8.519333707000001, 8.209569315, 8.6289582, 8.371644295, 8.274329298, 8.235067409000001, 8.246306499000001, ]
114-25	5	[7.764242828, 7.850562602999999, 7.818857564, 7.803352210999999, 7.754350835, 8.039345522, 8.241868928999999, 8.035173168, 7.760500437, 7.757747858999999, 7.773666631999999, 7.906001747, 7.655642565, 7.893465161000001, 7.837470639, 8.206540554, 7.792370767, 7.814410048000001, 7.911753507, 7.874879170999999, 8.214650461, 7.8932831750000005, 7.918910329999999, 7.721024137, 7.862862679, 8.231169396, 7.995955572, 7.811555800000001, 7.707588919, 8.245011301, 7.7455688259999995, 7.799266702000001, 8.016437365, 7.833893311000001, 7.925092747000001, 7.775992814, 8.194385389, 8.101778648, 7.916894933000001, 8.306915965, ]
81-7	6	[4.69296088, 4.669803634999999, 4.757359139, 4.693056833, 4.715185087, 4.719953599, 4.6955008330000005, 4.774691023, 4.688104137, 4.820189984000001, 4.867255733, 4.669100268, 4.815391675, 4.731657777000001, 4.706747323999999, 4.636300821, 4.710739102, 4.850338747, 4.838026963999999, 4.791179391, 4.780832247, 4.691165418, 4.7084237259999995, 4.723707084, 4.675687366, 4.630427883, 4.842891178, 4.746476802999999, 4.674698987, 4.771913537, 4.730207549999999, 4.655089872, 4.643385281, 4.634779207999999, 4.728518856000001, 4.678832818999999, 4.792177166, 4.5824463060000005, 4.77110655, 4.7247050250000004, ]
80-31	5	[4.664330992, 4.701263937, 4.718610971, 4.695381384, 4.7685407920000005, 4.690947038, 4.688276705, 4.707787144999999, 4.648507854, 4.750619074, 4.867393984, 4.633172833000001, 4.71309123, 4.793874546, 4.667186037, 4.715692622000001, 4.7781251220000005, 4.708520118, 4.6409069579999995, 4.696527248000001, 4.582097897, 4.704828938, 4.699454754, 4.67240349, 4.620241685, 4.681549747, 4.688005178, 4.639320042, 4.90872129, 4.581368921, 4.810474715, 4.867618784, 4.828628544000001, 4.797005797000001, 4.655682046, 4.600359249, 4.7735202359999995, 4.70188672, 4.80009519, 4.565669903, ]
77-5	6	[5.051355689, 5.098634937, 5.127200858, 5.206063747, 5.186366368, 5.038745789, 5.04107031, 5.041812269, 5.068267189, 5.127226338, 5.06993862, 5.067013437, 5.0731670399999995, 5.219484882, 5.026976169, 5.045422886, 5.0664304609999995, 5.088068069, 5.152440665, 5.240360717, 5.114428627000001, 5.034409887, 5.14665335, 5.062841571, 5.178140633, 4.967535198999999, 5.1660617040000005, 5.0661481340000005, 5.029992141, 5.166007974, 5.152816207, 5.0467297460000005, 5.0069412, 5.0056718, 5.003634117000001, 5.039652714, 5.081583766, 5.013529726, 5.115258014, 5.0660708770000005, ]
113-7	5	[4.758298110999999, 4.782426223, 4.805129234000001, 4.805026706, 4.768754084, 4.729828118, 4.9065156210000005, 4.875886247, 4.692109778000001, 4.7021753010000005, 4.704874652, 5.069292618, 4.725449766, 4.7743096629999995, 4.773447222000001, 4.703430926, 4.7208317200000005, 4.711703259, 4.766326286, 4.780008704, 4.717960527, 4.6786329669999995, 4.653365675, 4.703208931, 4.749353326, 5.096488516, 4.718319061000001, 4.732927012, 4.716753088, 4.748089986999999, 4.724614575, 4.728672980000001, 4.90596068, 4.656072182, 4.800765536, 4.667443565999999, 4.717316377, 4.692722848, 4.8800701449999995, 4.693668508, ]
82-3	7	[7.890342058, 7.963945558, 8.143216438, 8.586096503, 7.81200199, 7.709111596, 8.070946012, 8.056346023000001, 7.6933135130000005, 7.893683354, 7.725609704, 8.31185542, 7.9691381240000005, 7.844008543, 8.031247444, 7.711121422, 7.8669113479999995, 7.975458218, 7.794526192000001, 7.89890619, 7.955322467, 7.904321033, 7.805487039, 7.689109958, 7.8815147869999995, 7.959796392, 7.908235607, 8.112297145000001, 7.869062517999999, 8.092821669, 7.862705555000001, 7.644495407, 7.98244232, 7.740921564000001, 7.829679689, 8.078776147000001, 7.849339096, 7.838783631999999, 7.737973572, 7.944403359, ]
75-27	4	[8.260106216, 8.223339474, 7.971034910999999, 8.397147359, 8.280085758, 8.194965058, 8.069336633, 8.450474498, 8.307787492000001, 8.195453924, 8.39286849, 8.487713892, 8.110608341, 8.180865595999999, 8.027644817, 8.13373517, 8.017286846, 8.101363103, 8.352117635, 8.19693447, 8.114073464999999, 8.284036952, 8.241741034, 8.266735246, 8.149218603, 8.218116604999999, 8.231589973, 8.040919943, 8.372322452, 8.207450868, 8.324380734, 8.072372824, 8.159741759000001, 8.240712764000001, 8.284222736, 8.354023325, 8.203657447, 8.34118041, 8.196604982, 8.372292757, ]
115-7	4	[4.727826005000001, 4.70013226, 4.689892359, 4.757926902, 4.756101632, 4.749969215, 4.722749442, 4.660251305, 4.787602807, 4.680169742, 4.840390314, 4.74901997, 4.701389702999999, 4.700704762, 4.735836996, 4.701264936, 4.666970105, 4.758358911, 4.723223481, 4.653936155, 4.70157559, 4.840397523, 4.640813896, 4.738333819, 4.637499984, 4.717205452, 4.862119287, 5.0629489340000005, 4.696375687000001, 4.732128746000001, 4.937486723, 4.602954929, 4.838671509999999, 4.675470929, 4.756418731, 4.674470084, 4.730458218, 4.669957373, 4.689537627, 4.705157365, ]
110-26	4	[7.8736869259999995, 8.188279379, 7.935409023999999, 8.174924481, 8.128055083, 8.184373102, 8.248441993, 8.035690473999999, 7.9948393289999995, 8.066738138, 8.175981401, 8.365173838, 8.075488853, 8.07015769, 8.351392489, 8.084611731, 8.043917209, 8.476776847, 7.9903648579999995, 8.233174537, 8.351243964, 8.054365244, 8.252532628, 8.557343096, 8.456891152999999, 8.004310926, 8.041244468, 8.071552599, 7.950096211999999, 8.085888854999999, 8.036895046, 8.003366362000001, 8.092861564, 8.254710851, 8.111731533999999, 8.189166343, 7.939689509000001, 7.951063154, 8.062011994999999, 8.05942224, ]
66-31	5	[5.048359689, 5.066912784, 5.035753631, 5.02468679, 5.120626832, 5.031177332, 5.105907050000001, 4.985852667, 5.146274464, 5.022537097, 5.207102395, 5.167143634, 4.995395031, 5.023050025, 5.046256842, 5.123448759, 5.19862488, 5.077567924, 5.169098857, 5.169638868, 5.179206421, 5.3365521309999995, 5.053986536, 5.419342516, 5.133447377, 5.0761739839999995, 5.232818030000001, 5.0361623589999995, 5.001043618, 5.121439771, 5.178737985, 5.150288581, 4.9886722, 4.974823559, 5.058611512, 5.0859457379999995, 5.000787323, 5.101223573, 5.052931165, 5.063284428999999, ]
111-18	4	[8.060079226, 8.17858923, 8.253186996, 8.610767495000001, 8.252691824, 8.618959681, 8.257328258000001, 8.336929602000001, 8.574122276999999, 8.122775255, 8.145625954, 8.360460912, 8.163179373, 8.249672151999999, 8.220558717, 8.091074225, 8.6033114, 8.325875388, 8.354214595, 8.17617836, 8.226431078, 8.208975173, 8.366652749, 8.235010734, 8.89981014, 8.112982430999999, 8.253266358000001, 8.104188887, 8.172720906999999, 8.11250345, 8.253045949, 8.210188126, 8.279029033999999, 8.205276119, 8.066883893, 8.47879022, 8.253427741000001, 8.289675199000001, 8.218022488, 8.436272998, ]
94-11	4	[7.7602763470000005, 7.714121540000001, 7.776418266, 7.786027591999999, 7.568034213, 7.419886129999999, 7.733096817999999, 7.801280708000001, 7.600280071, 7.698468869999999, 7.59389769, 7.737129772, 7.895313966000001, 7.920196155999999, 7.721424647000001, 7.8888654670000005, 7.675046381, 7.926638378, 7.845531786, 8.36276068, 7.858244458000001, 7.646288501, 7.713343548, 7.855200548999999, 7.761256790000001, 7.887314311, 7.922668254, 7.799615822000001, 7.712378453, 7.873823199, 7.694786082999999, 7.817406664, 7.548697959, 7.6617780589999995, 7.7402405530000005, 7.638103613999999, 7.679649511, 7.735108223, 7.776887471, 7.502285871, ]
94-10	5	[7.493990285000001, 7.654582977999999, 7.901715032000001, 7.807785750000001, 7.831736166999999, 7.813739517, 7.8470051110000005, 7.8317612830000005, 8.264665530999999, 7.881281048, 7.710232773, 7.640404093, 7.544071401, 7.818243866, 7.598211373, 7.704988941, 7.870049888, 7.650610803, 7.741580847999999, 7.680969628, 7.857853590000001, 7.620108278, 7.758514667, 7.924973007, 7.562025645, 7.572865461999999, 7.8298747870000005, 7.768598122, 7.718530329999999, 7.788436425, 7.843590754999999, 7.715161274, 7.7919767140000005, 7.786961198, 7.660117443000001, 7.684880747000001, 7.759070635999999, 7.852654406000001, 7.948052628, 7.8098847849999995, ]
74-30	5	[4.980903811999999, 5.275465982, 5.038196306, 5.107198257, 4.862080252, 4.902013976, 4.905201245000001, 5.03225358, 4.9728263980000005, 4.953266236, 5.031580046, 5.0457815219999995, 4.946618006, 4.935017559, 4.948286706, 4.892483212999999, 4.917012318, 4.93700458, 5.068635068, 4.9226840460000005, 5.053955625, 5.0211457500000005, 5.007369564, 4.924954302, 4.875994752, 4.949576876, 4.867513762000001, 4.957066419, 4.865664509999999, 5.707122581, 4.94990296, 4.937349563000001, 5.054064873000001, 4.930653805, 4.879274341, 5.089223493, 4.919208447, 4.968155391, 4.902550285, 5.146379964, ]
93-13	4	[4.534175115, 4.724633858, 4.516244234, 4.651325622, 4.621101436, 4.728368083, 4.580137563, 4.6571336400000005, 4.551412462, 4.508441837, 4.593753544, 4.621515684, 4.706978879, 4.7348082620000005, 4.655108357, 4.559007892, 4.536656761, 4.647995489, 4.539702371000001, 4.540828251000001, 4.4843788799999995, 4.525284071, 4.631988922000001, 4.64940034, 4.532391941999999, 4.534302373, 4.634267156, 4.498551479, 4.692774716, 4.562925628, 4.663946195, 4.463656028000001, 4.656944249, 4.548588508, 4.5188528880000005, 4.574252124, 4.706453718000001, 4.74060169, 4.665520099999999, 4.522959585, ]
108-15	4	[5.076555562, 4.89057937, 4.924454958, 4.963107216, 4.913178766, 4.950651841, 4.911599721, 4.9403780059999995, 5.06041485, 4.9682936490000005, 4.904719684, 5.100908782, 4.888769595, 5.006430486, 4.949798157, 4.87421543, 4.90753489, 4.94222478, 4.909337936999999, 4.940219054, 4.969820424, 4.991285797, 4.8731074869999995, 5.057295326999999, 4.989224266, 5.030294949, 5.077816496, 4.888619298, 5.084735869, 4.992367542, 4.91169376, 4.881878764, 4.978009064, 4.826644564, 5.023391905, 5.04337814, 4.890251505999999, 4.953476926, 4.9140212299999995, 5.038992607999999, ]
76-4	8	[5.025362072999999, 5.077634011, 4.916484204, 5.073520042, 5.278543107, 5.029685171, 4.952832132, 4.981975981000001, 5.007767194, 4.942361260999999, 4.960533321, 4.93597061, 4.900968445, 5.124431656, 4.911717821, 5.045946547, 5.035864308, 5.076323452, 5.012815468, 4.929361927, 5.022312954, 5.13335258, 5.020517428, 5.017469796, 5.080809388, 4.953200629, 5.045423913, 4.967756955, 4.9940343480000005, 5.106015837, 4.876512849999999, 5.002532348, 4.887817671, 4.897401095999999, 4.917486983, 4.967968471, 4.908880358999999, 4.9612266080000005, 5.086271083, 5.0987551600000005, ]
63-24	4	[7.802384000999999, 7.628486296, 8.066425005, 8.021140217, 7.787685246000001, 7.573107005000001, 7.954721911, 7.756688802000001, 7.661764902, 7.7403467159999995, 7.7400250139999995, 7.9068948290000005, 7.739187637000001, 7.716390178999999, 8.031420419, 7.771592902, 7.591158118, 7.670567622999999, 7.669387732000001, 7.735539546999999, 7.7387088660000005, 7.712550782000001, 7.7666027280000005, 8.059794418, 7.724036035, 7.727693101, 7.764576825000001, 7.696780411999999, 7.914907287, 7.964099342, 7.815019092, 7.89564543, 7.722076101999999, 7.6589682, 7.711591738999999, 7.568072709000001, 7.713471373, 8.066282490999999, 7.7803393640000005, 8.083709163, ]
90-7	5	[4.68794984, 4.566896273, 4.693292349, 4.591229844, 4.579053294, 4.704184885, 4.531096586, 4.635212487, 4.721797557, 4.5812111380000005, 4.615042201, 4.559030741, 4.540545312, 4.56946886, 4.63120526, 4.566990575, 4.566635691, 4.6549788450000005, 4.548521916, 4.533611961, 4.551558182000001, 4.618185561, 4.664961540999999, 4.530108504, 4.55828783, 4.598037068, 4.835288549, 4.54285335, 4.548302324, 4.536450115, 4.607268821, 4.99199409, 4.608172411, 4.5843833730000005, 4.51511441, 4.536309370000001, 4.5801599, 4.616674172, 4.689301575, 4.479512205, ]
90-1	7	[7.671552249, 7.768767874999999, 7.568058932, 7.648570728, 7.697543564999999, 7.734419175000001, 7.836917737, 7.812175459, 7.992223179000001, 7.737453900999999, 7.619925543, 7.820463573, 7.716522503999999, 7.799326379, 7.9141858670000005, 7.8855219420000005, 7.745611678, 7.797109023, 7.594181775, 7.787911357, 7.712765189, 7.722861965, 7.709225804000001, 8.014260441, 7.795878118999999, 7.805675495000001, 7.534020901, 7.692947732, 8.198973002999999, 7.7439779600000005, 7.765530087999999, 7.544754263, 7.8272979220000005, 7.664037673999999, 8.167687213999999, 7.809820654, 7.820634566000001, 7.812259562, 7.696009677, 7.864925761, ]
93-22	4	[4.595150591, 4.572082355, 4.659512385, 4.510750574, 4.524692306, 4.655467519, 4.853785437, 4.55708828, 4.558132162, 4.580621967, 4.695531175999999, 4.56164508, 4.567764051999999, 4.5969182, 4.5981358000000006, 4.626146469, 4.579451774, 4.550178677000001, 4.6588358780000005, 4.543731849, 4.622647792, 4.809435719, 4.4811282089999995, 4.803067993, 4.621760614, 4.7648088159999995, 4.658918786, 4.559892254, 4.514295478, 4.462284595, 4.679394739, 4.668552061000001, 4.565597584, 4.552076866, 4.699645043, 4.541504158, 4.647007688, 4.538781525999999, 4.561619269, 4.697636169999999, ]
93-16	6	[7.783680623, 7.798537228000001, 7.881757749, 7.765673196, 7.843321352999999, 7.7472090819999995, 7.841871448999999, 7.762225564000001, 7.833343337, 7.773355738, 7.742290196, 7.536165465, 7.790790199, 7.7929701080000005, 7.815588914999999, 7.637100566999999, 7.52122574, 8.059384336, 7.933657985999999, 7.751079086000001, 7.6411636220000005, 8.116811843999999, 7.674507682000001, 7.634422791, 7.753888312, 7.7263999850000005, 8.04042449, 7.830163850999999, 7.743341506999999, 7.780505951, 7.632373111, 7.620546093, 7.8395593, 7.730652572, 7.863225673, 7.7489039470000005, 7.66408449, 7.984011295999999, 7.690222822, 7.716580894, ]
83-26	5	[7.864747934, 7.844185667, 7.798029544, 7.873886505000001, 7.869138061, 7.877516494, 7.716657849000001, 7.774582778000001, 7.8396112, 8.051540816, 7.956309653, 8.264231284, 8.136805093, 8.097959814, 8.234163721, 8.224221452, 7.986604021, 7.8660778790000006, 7.83339934, 7.837405998, 7.741121895999999, 8.08273917, 7.755543221000001, 7.639656571, 7.844342708000001, 7.863061319, 7.903970695, 8.013914729, 7.819841831999999, 7.931347002000001, 7.9071499130000005, 7.9546087199999995, 8.080891779, 7.982091578, 7.816231579999999, 7.746502628999999, 7.805103099, 7.785122867999999, 7.867213358999999, 7.851046541, ]
117-29	3	[4.632620579, 4.667600312, 4.992725652, 4.728328137, 4.6268600619999996, 4.719878208, 4.902899657, 5.103120039, 4.727859336, 4.686915192, 4.677800418, 4.848339428999999, 4.7331087, 4.67131687, 4.687673204, 4.66579352, 4.7476938330000005, 4.835226281, 4.746197816, 4.769635104, 4.828646271999999, 4.860017171, 4.807816, 4.669964274000001, 4.841486783000001, 4.657861798, 4.829304012, 4.715136094, 4.773997927, 4.847481493, 4.70726486, 4.836797852999999, 4.723414737, 4.638510089, 4.9235614, 4.876136181, 4.716522276, 4.681779928, 4.686984196, 4.697840645, ]
61-21	4	[4.5623615, 4.5609206890000005, 4.5591121470000004, 4.577434049, 4.67559778, 4.576725419, 4.7706874379999995, 4.729660116, 4.603852196, 4.516854876, 4.64233666, 4.5562905869999994, 4.649693978, 4.647229595000001, 4.541421092, 4.607812924, 4.560742385999999, 4.497892754, 4.549410163, 4.472843837, 4.552494088, 4.712885088, 4.583887557, 4.576353066, 4.58304138, 4.782363999, 4.6054914060000005, 4.561737911, 4.746230776, 4.617133283, 4.723756877, 4.770246780999999, 4.527797493, 4.578467529, 4.574457301, 4.546149161, 4.599359866, 4.728599492, 4.629291659000001, 5.034848371, ]
119-15	2	[4.599247639, 4.772162384, 4.695541584, 4.6063015, 4.795097578, 4.650045509, 4.64931879, 4.803468726, 4.6780517779999995, 4.694699167, 4.835033060000001, 4.873251639999999, 4.841947085999999, 4.712607065, 4.725992752, 4.6603182169999995, 4.7788818939999995, 4.65306653, 4.63090259, 4.878974298, 4.952921558000001, 4.944372475, 4.778661356, 4.8343516090000005, 4.684511809, 4.829663985, 4.836271427, 4.607616319, 4.668945439, 4.718862727, 4.617154626, 4.665044115000001, 4.642318222, 4.593418952, 4.741728825999999, 4.847770448, 4.843275474, 4.831738863, 4.7039905619999995, 4.72434762, ]
106-17	6	[8.191912033, 8.147403635, 8.202300986000001, 8.299419232999998, 8.006153493, 8.225925037000001, 7.959945877999999, 8.092205552000001, 7.981852978, 8.089806913, 8.095730166000001, 8.064929209999999, 8.095811157, 8.304281325, 8.247548117000001, 8.118529311000001, 8.059056131, 8.154256761000001, 8.311184659, 8.201188044, 8.123314288, 8.058094635, 8.220960560000002, 8.083982914, 8.063525859999999, 7.992358803999999, 7.999688151000001, 8.189401994999999, 8.027310146, 7.963859945, 8.107374954, 8.284954551, 8.310113796, 8.184583182, 8.268966226, 8.051939149999999, 8.166947677000001, 8.175257885, 8.091218761999999, 8.093645968, ]
91-26	4	[7.7712483599999995, 7.55904434, 7.731141399999999, 7.682256326000001, 7.7283466259999996, 7.732889680999999, 7.83244613, 8.128941982999999, 7.714643371000001, 8.055046375, 7.652703333999999, 8.106077542, 7.692648681, 7.722859077, 7.638891952, 7.959016000000001, 7.894985047, 8.009912023, 7.6986816430000005, 7.593696545999999, 7.798881656, 7.606682386, 7.585286652000001, 7.88722909, 7.710497063, 7.618657592, 7.647732197, 7.6712264050000005, 7.830363233000001, 7.962305493999999, 7.860086512, 7.603914529, 7.838323324, 7.684669984000001, 7.706405203, 7.664672161, 7.512384427, 7.914514992, 7.674720548000001, 8.1617567, ]
91-21	4	[4.523168467, 4.597402475, 4.654657541, 4.580823151, 4.592852882, 4.626666328000001, 4.712607601999999, 4.580879574, 4.737702529, 4.7240101789999995, 4.553729189, 4.514690680999999, 4.719120827999999, 4.567415855, 4.552434205, 4.5653121830000005, 4.50428443, 4.577302255999999, 4.607533689, 4.673509012, 4.715888331, 4.556105926000001, 4.720436351, 4.600805538, 4.7075304639999995, 4.565234664999999, 4.567785448, 4.494566063000001, 4.470136915, 4.9431400530000005, 4.528629292000001, 4.551791645000001, 4.543637994, 4.544089939, 4.550102207, 4.5169428289999995, 4.544556174, 4.56484954, 4.551864791, 4.578905726, ]
83-18	6	[8.055573040999999, 7.785007431, 7.754037670000001, 7.821548122, 7.946971915, 8.184750549, 7.944359881, 7.781739184, 7.964822429, 8.21810878, 7.7472067849999995, 7.852674195, 7.8813340169999995, 7.8544969259999995, 7.9453999589999995, 8.080019708, 7.909478206999999, 7.803431376, 7.735968520000001, 7.768977288, 7.886652613000001, 8.273780549, 7.815684975, 7.976197826, 7.789071708000001, 7.898750121000001, 8.211152546000001, 8.084967266, 7.716158849, 7.863186658, 7.845012958999999, 7.8799458829999995, 8.013269555, 7.72442922, 7.883310427, 7.768502047999999, 8.006157783999999, 7.961456071, 9.075273007, 7.725956737000001, ]
65-27	6	[8.274661281, 8.238980879, 8.258037394, 8.19588778, 8.217556201, 8.225951330000001, 8.310409167000001, 8.645288961999999, 8.24826936, 8.543384012, 8.136199386, 8.332154581000001, 8.243927790999999, 8.32005968, 8.142144892, 8.685912454, 8.360059441999999, 8.336327252, 8.569972421000001, 8.274663003999999, 8.262322112, 8.36121711, 8.370633269999999, 8.217045464, 8.350667068, 8.382766165, 8.464081394, 8.369730084, 8.516616425, 8.271509157999999, 8.407243943, 8.640369413, 8.337833902, 8.291708201, 8.185648258999999, 8.51893559, 8.217012343, 8.374346376, 8.603919040000001, 8.763032572, ]
61-9	5	[7.762365577000001, 7.744304047999999, 7.923109064999999, 7.55989264, 7.485206365, 7.9714778829999995, 7.936886176, 7.638767823999999, 7.892266715, 7.915273296, 7.649251809999999, 7.690498628, 7.778692927999999, 7.82652481, 8.388411755, 7.670399216999999, 7.773616134000001, 7.7124290559999995, 7.483303291, 7.739233082, 7.551435692999999, 7.6379091279999995, 7.579424061, 7.856454820999999, 7.658052088000001, 7.613239386, 7.898606111, 7.724471616999999, 7.820223658, 7.746215021, 7.705350664, 7.815330356, 7.896046956999999, 7.641028776000001, 7.7159515260000004, 7.709340470999999, 7.590546035, 7.6381807020000005, 7.902578483999999, 7.8761955839999995, ]
118-20	5	[4.694605793, 4.824137653, 4.792472528, 4.6592516999999996, 4.860979632, 4.69758239, 4.687170721, 4.7399240449999995, 4.824063237, 4.672290562, 4.869346468, 4.677150644, 4.6742431049999995, 4.825668144, 4.771489633000001, 4.714061985000001, 4.78013889, 4.700351284, 4.780011989, 4.70763291, 4.659135889, 4.713480318, 4.813792006, 4.702718141, 4.673102449, 4.717521223, 4.759068899, 4.679947887, 4.646525384, 4.702182981, 4.723996228, 4.803295597, 4.779322841, 4.723397741, 4.712403719, 4.808502744, 4.724235174, 4.686921825000001, 4.720156791, 4.736929879, ]
118-14	4	[4.6920258310000005, 4.846245685, 4.737661162, 4.859603713, 4.864998172, 4.663652132, 4.761903112, 4.613063936, 4.640075654, 4.647671077, 4.837470136, 4.584329663, 4.743369229000001, 4.722664947999999, 4.729521025, 4.673903288, 4.6611376899999994, 4.852893467, 4.615348597, 4.731311944000001, 4.927521878, 4.676631246, 4.680583339, 4.80068768, 4.65117176, 4.634190606, 4.708617744, 4.8084226899999996, 4.879502787, 4.843360752, 4.805963495, 4.807182405, 4.77664142, 4.671141132000001, 4.822293838, 4.736149805999999, 4.705140042, 4.797095092, 4.827281332999999, 4.699197689, ]
113-17	6	[7.844258857, 7.851199366, 8.177989915000001, 7.797140704000001, 7.83254075, 7.752603708, 8.048318159, 7.922624827, 7.975586679, 8.202491465, 8.311193874, 8.27360655, 7.701235731999999, 7.852307221999999, 7.967320201, 7.832168350000001, 7.818607502999999, 8.237366557, 7.965287802, 8.144055132999998, 8.047044168000001, 8.059628267999999, 8.135610188, 8.215593668, 7.729704365000001, 8.045304004, 8.203679972, 7.843049388, 8.015416271, 7.893495780000001, 7.79221135, 7.712493688, 7.936433331, 7.760883095, 7.922812157, 7.644627762, 7.875527906000001, 8.067587899000001, 7.895731435, 7.901910837000001, ]
100-4	8	[5.12732951, 5.068715146000001, 5.085190313, 5.071029322, 5.201202883, 5.078076872, 5.208332778000001, 5.052193356, 5.394768365, 5.108122906, 5.1799709179999995, 5.160912094, 5.039799883, 5.094831514, 5.086015735, 5.047474428999999, 5.073049215, 5.214048185999999, 5.136751025000001, 5.057077978000001, 5.107243525, 5.106986077, 5.18933046, 5.291943644, 5.199310143, 5.772097817, 5.0862982830000005, 5.1366480899999996, 5.048974838, 5.201800035, 5.082682502, 5.168028376, 5.103608205, 5.051264661, 5.043102592, 5.10280047, 5.066276093, 5.077750989, 5.243628321, 5.295001315, ]
100-2	8	[8.529995725000001, 8.16342674, 8.178795067, 8.121488272, 8.450720181, 8.752762699, 8.295191122, 8.356060826, 8.273024593999999, 8.181189153, 8.379001359999998, 8.129690062, 8.08804312, 8.225957591, 8.336970257, 8.272770303, 8.170327376, 8.003099782, 8.544810882, 8.325547995, 8.59715607, 8.135008229, 8.282673953, 8.231298536, 8.290039839, 8.135533139, 8.115776313, 8.274180775, 8.091315351, 8.27671845, 8.118289209, 8.346779151, 8.371876016, 8.292713443, 8.495496286, 8.320394206, 8.161895656, 8.213797155, 8.081371159, 8.441624227, ]
69-26	6	[8.519370441, 8.078241886, 8.362728792, 8.362351867000001, 8.185869939, 8.244416073, 8.226935254, 8.298932312, 8.341829329000001, 8.430405983, 8.477982169, 8.150494788, 8.271949464, 8.211682396999999, 8.305378455000001, 8.249881556, 8.215946764, 8.794268344999999, 8.300441670000001, 8.602216287000001, 8.253039662, 8.240959596, 8.202593328, 8.423137761000001, 9.358924246, 8.233202816, 8.334064950999998, 8.268382811, 8.564763082999999, 8.410120006, 8.572109957, 8.633379643000001, 8.374421024, 8.184820436999999, 8.624527166, 8.397541028000001, 8.22400131, 8.452766990999999, 8.143598233999999, 8.302449195, ]
69-23	5	[5.196346125, 5.322105543, 5.247779433, 5.146908534, 5.283184494, 5.33113565, 5.075778002, 5.207178744, 5.2213134, 5.214271159, 5.120019595, 5.12161359, 5.136562636, 5.142195643999999, 5.306463533, 5.205273342, 5.322518131, 5.137093962, 5.199352525, 5.152256498, 5.163862858, 5.183332451999999, 5.074681855, 5.125826061000001, 5.232029484, 5.159877192000001, 5.274370032, 5.138462925, 5.307708178, 5.073019604000001, 5.208580158, 5.1919471139999995, 5.157587124, 5.076826403999999, 5.1384435040000005, 5.383764319, 5.148189475, 5.131270948, 5.107591660000001, 5.156414808, ]
94-26	4	[7.796181858000001, 7.8205945560000005, 7.678840110000001, 8.109872753, 7.7079082109999995, 7.728379393, 7.64230508, 7.783261818000001, 7.6958614800000005, 7.654901689, 8.151093549999999, 7.968187358, 7.6982562450000005, 7.678986313999999, 7.592540725, 8.010402477, 7.745901429, 7.6966744160000005, 8.154337203, 7.619733924999999, 7.695574723999999, 7.710402046, 7.890115651, 7.833153379, 7.705230887000001, 7.768304593000001, 7.61824969, 7.825093205, 7.964270666, 7.863655407, 7.996192832999999, 7.808722683, 7.563771333999999, 7.620716827, 7.780099150000001, 7.680571066, 7.6422946839999994, 7.684684139, 7.678541131999999, 7.771542244999999, ]
60-16	7	[7.779511724000001, 7.544542049, 8.126459794, 7.713197472, 7.754436845999999, 7.654102128, 7.832366835, 7.695423972, 7.571430659, 7.698585862999999, 8.053881544, 7.661225396, 7.568372193, 7.784673241, 7.7236671679999995, 7.707019567, 7.7476027720000005, 7.696395795000001, 8.120693998, 7.649596226, 7.77971508, 7.787488668, 7.839073709, 7.630077898, 7.685451157000001, 7.639279869999999, 7.575156, 7.63251346, 7.80220076, 7.988693087, 7.817743019, 7.7235463090000005, 7.70116356, 7.8441256710000005, 7.574342434, 7.632176134, 7.793672565, 7.8584518249999995, 7.684609195, 7.631307748, ]
60-12	6	[4.525536956, 4.614223521, 4.617416231, 4.49467031, 4.614349239, 4.549427837, 4.501412133, 4.494650174, 4.727698451, 4.557035845, 4.694672016999999, 4.516675969, 4.598027222, 4.608375577, 4.557724551, 4.530284366, 4.535689705, 4.554549281, 4.546381209, 4.733715528, 4.509681939999999, 4.497966294, 4.576512545, 4.483230325, 4.521704916, 4.648014079, 4.6943991060000005, 4.858059891, 4.521431071, 4.534401074, 4.541054529, 4.758923415, 4.570546522000001, 4.633019758, 4.547459868, 4.68372456, 4.624349711000001, 4.537617076, 4.586549806, 4.524621923, ]
77-20	6	[5.283185743000001, 5.018778861, 4.983506474, 5.0062037660000005, 4.96449696, 4.935145629, 5.005169453, 4.977112124, 5.185798895, 5.039296954, 5.113798247, 5.045952906, 4.963400257, 5.0713776290000006, 5.043818749, 5.191348056, 5.128456783, 5.111353068, 5.005135915, 5.811814852, 4.953342206, 4.981415776, 5.140344365000001, 5.046526118, 4.954190761, 4.994243353, 5.023530527, 5.1724106579999996, 5.035256776, 4.949680473000001, 5.148379969, 5.188589105, 5.141802411, 5.1358435149999995, 5.07052472, 4.963695029, 5.158331592, 5.09012007, 5.074118027000001, 5.069427869, ]
73-0	9	[8.261761579, 8.406988618, 8.021546716, 7.9960289190000005, 8.230237048000001, 8.17977561, 8.287021428000001, 8.306631635999999, 8.279522595, 8.143945976, 8.234381165, 8.211415515, 8.234245199, 8.306903092999999, 8.310965952, 8.099480368, 8.048423675, 8.161217511, 8.144495924000001, 8.22681644, 8.099409292, 8.267741451, 8.152196559, 8.527093676, 8.292009604999999, 8.568789713, 8.239522067, 8.257372173, 8.358692859, 8.280239601, 7.941453418, 8.127631512999999, 8.480060949, 8.168237318, 7.887864435999999, 8.090902696, 8.1458652, 8.18257204, 8.312718725, 7.933282528, ]
60-9	6	[8.121759554, 7.8778443000000005, 7.607093132999999, 7.627887127, 7.713640995, 7.676426851, 7.6361835000000005, 7.969970954, 7.613524969, 7.698067716000001, 7.912584453, 7.4226766820000005, 7.7825248469999995, 7.734135963000001, 7.626672942, 7.780690634, 7.559991591, 7.938744268000001, 7.994601169999999, 7.69642179, 7.567719959, 7.712117182999999, 7.817280736999999, 7.820176351, 7.6787981919999995, 7.6890043530000005, 7.812493938999999, 7.787880851999999, 7.862892489999999, 7.684108930000001, 7.645716689, 7.698316392000001, 7.741583712000001, 8.251053497, 7.815608748, 7.820889451999999, 7.58880312, 7.718838644, 7.64273601, 7.615925755, ]
119-1	5	[7.860771014, 7.9099751519999995, 7.993209180999999, 7.87099095, 7.823524839, 7.949289953, 7.807885228999999, 7.973748314, 7.9379977330000004, 7.776665484, 7.784253709, 7.844271055, 8.020869857000001, 7.849863889000001, 8.290764044000001, 7.943523736, 7.905299888, 8.113303456, 7.833545826, 8.215798395, 7.898535414, 8.336818531, 7.942953646, 7.922321834, 7.793688541000001, 7.8387358780000005, 7.885750133, 7.887314574, 8.01330081, 7.799139875000001, 7.851182373, 7.770578542, 7.9238872869999994, 7.844582900000001, 7.787652475000001, 8.072357065, 7.723651678, 7.7917206740000005, 7.987696873, 7.977359221, ]
119-0	6	[7.880512567, 7.995560760000001, 7.803429296, 7.943880636, 7.955820789999999, 7.799329556, 7.853513102, 7.8491990750000005, 7.837781965, 7.690600679999999, 7.931332262999999, 7.7883061179999995, 7.8561722540000005, 7.63312372, 7.848318293, 7.791237703, 7.7709767659999995, 7.655910754, 7.948870023, 8.050990654, 7.866995588000001, 7.758022470999999, 7.8735372539999995, 7.883197202, 7.888757115, 7.892018438, 7.903828112999999, 8.005182435, 7.731746513999999, 8.00490496, 7.801069909000001, 7.848629698, 7.982499661, 7.745903085999999, 7.972138374, 8.030236512, 7.56978831, 7.796771970999999, 7.846956270000001, 7.879857066, ]
110-3	5	[8.300120153, 7.988286065, 8.109583757, 8.020215976000001, 7.897762194, 8.039051947, 8.166174404, 8.161703983, 7.877711299, 8.116859718999999, 8.188961434, 8.127083538, 8.27972171, 8.183796309, 8.007962146, 8.082079118, 7.9022223799999995, 8.10344797, 8.262654984, 8.204249112, 8.002466266, 7.933271411, 8.099347365, 8.210936532, 8.193892307, 7.98167104, 8.048655362, 8.162349311, 8.152664531000001, 8.193849487, 8.040791987, 8.010289938, 8.290489462, 8.351860456, 8.052869708, 8.075997828999999, 8.221597231, 8.129636372, 8.146506767, 8.432159495999999, ]
101-6	6	[5.196113493, 5.113231411, 5.264545910000001, 5.16890158, 5.075939389999999, 5.156798038, 5.159213927000001, 5.175920629, 5.109461504, 5.270933101, 5.145184555, 5.024986001, 5.301079487, 5.301051086999999, 5.123001375, 5.271219492, 5.126608438, 5.164411218, 5.0751620520000005, 5.273968848, 5.254886958999999, 5.114236448, 5.264583842, 5.3593086780000005, 5.286153611, 5.143216129000001, 5.17051705, 5.071553113, 5.1845566519999995, 5.208926859, 5.2867531670000005, 5.119501218, 5.1792089290000005, 5.218366595, 5.141213805, 5.1653168780000005, 5.116872882, 5.127907899, 5.138978393, 5.261650041, ]
101-0	8	[8.419093086, 8.428113479, 8.327361174, 8.407668338, 8.253425534, 8.44887808, 8.417946586, 8.341359669, 8.453334124000001, 8.153766426, 8.332862806, 8.371078326, 8.281953503, 8.260954602999998, 8.492945344999999, 8.251963334000001, 8.402854575, 8.454494419, 8.391139514999999, 8.714199263, 8.249418332, 8.33068365, 8.502702556000001, 8.453896679, 8.082586946, 8.37074824, 8.438634247, 8.152877425000002, 8.193628554, 8.208842459, 8.588166613, 8.160038613000001, 8.259027602, 8.272133912000001, 8.347774807, 8.200986619, 8.497921255, 8.378408281, 8.500594158999998, 8.421747019, ]
86-26	5	[7.930671105999999, 7.805959175000001, 8.177974687, 7.7551385900000005, 7.759088952999999, 7.890891718, 7.758545154, 7.875779554999999, 7.792652855, 7.783599813, 8.094897887, 7.854540764000001, 7.907299887, 7.740001371, 8.056199497000001, 8.307292995, 7.888348779999999, 7.825918149, 7.801754569999999, 8.33057155, 7.8906383380000005, 7.855898799999999, 7.826336885000001, 7.75369968, 7.733557714, 8.00952123, 7.924205196, 8.319955338, 8.160888828, 7.8261475449999995, 7.747137255, 8.111977842000002, 8.216150990000001, 7.870433403, 7.936089726, 7.8866844579999995, 7.809579726, 7.853045355000001, 7.762556214, 7.8131927370000005, ]
125-12	4	[4.610795621, 4.6917577040000005, 4.542724906, 4.712591762000001, 4.598702855, 4.573363012, 4.603599825, 4.706464212, 4.534194224, 4.4960162619999995, 4.524395639, 4.67348046, 4.611797597000001, 4.697179151, 4.59720159, 4.570371971, 4.564557812, 4.587446194, 4.763488178999999, 4.547154581999999, 4.652122498, 4.720410235, 4.907026069, 4.791679494, 4.586625736999999, 4.781019518000001, 4.508125972, 4.508419091, 4.652351694, 4.517991220000001, 4.683280928, 4.649332159, 4.500723043, 4.520479476, 4.784835758, 4.525878995999999, 4.624375817, 4.466065635, 4.563900552, 4.655733756, ]
122-2	6	[7.587038837, 7.724558590000001, 7.87515366, 7.800067112999999, 7.7387244100000006, 7.896208366000001, 7.630818458, 7.662450078000001, 7.804491328000001, 7.595872829, 7.965328572, 7.812195927, 7.7580992339999995, 7.669606584, 7.589348188, 7.822724890000001, 7.736025341, 7.700127344, 7.710876066000001, 7.6503001369999994, 7.752683417000001, 7.513285291, 8.20138633, 7.829608138999999, 7.890961455999999, 7.686782639999999, 7.766213530999999, 7.602320274, 7.774772858, 7.819540947000001, 7.5748056880000005, 7.869335801999999, 7.735082080000001, 7.7758720509999995, 7.766342373999999, 7.7592454559999995, 7.597750677, 7.657829371, 7.727585093999999, 7.678439916, ]
108-10	6	[8.218326858000001, 8.182677449000002, 8.109616527, 8.109347015, 8.080504830999999, 8.145635919, 8.154017163, 8.195901014999999, 8.155601655, 7.858800645, 8.410829125, 8.067396443, 8.05564808, 8.110322693, 8.166493868, 8.163546446, 8.192199587, 8.031397517999999, 8.301866274, 7.840145665, 8.358319665, 8.104417819, 8.227182049, 8.118581425999999, 8.196658707, 8.157652159, 8.035545866, 8.038989956, 8.051076901, 8.102647251999999, 8.102020544, 8.277685551000001, 8.158477868999999, 8.078615609, 8.090521071, 8.118586229, 7.983628474, 8.289083414, 8.203555495000002, 8.267557081, ]
77-15	4	[5.063599746, 5.040700554, 5.056868144, 4.908049334, 5.0824748170000005, 4.980473752, 4.931935343999999, 5.014438856, 5.144380429, 5.11551996, 5.08904658, 5.09677775, 5.17484375, 4.9495184860000006, 5.022877071000001, 5.037134848, 5.003953027, 5.063615422000001, 4.9661768, 5.006045674, 5.042973685000001, 5.061840097, 5.030897457, 5.105106317, 5.670272904, 5.022514325, 4.957401736, 5.168347206, 5.053135676, 5.170863369, 5.066283466, 4.986410036, 5.046658416, 5.116844803, 5.117826294, 5.0083976649999995, 5.00719847, 5.114682307000001, 4.995823248000001, 4.998816477, ]
62-15	3	[4.603241927, 4.560279354, 4.5156870399999995, 4.495328451, 4.54569568, 4.504664245, 4.741459237, 4.777916031, 4.593029375, 4.510926068, 4.6696285930000005, 4.503967877, 4.67362165, 4.612664548000001, 4.684515148, 4.506210709, 4.568222982, 4.724456612, 4.533416169, 4.572523696, 4.654313569, 4.547165908, 4.803470151, 4.530436953, 4.619555258, 4.493787521, 4.501376386, 4.489524301, 4.539101441, 4.616727985, 4.789842101, 4.482600506, 4.53963507, 4.57579857, 4.515392049, 4.5709029, 4.642792688, 4.606881367, 4.522354743, 4.469593079000001, ]
121-9	5	[8.186653853, 7.759007438, 8.103749732999999, 7.579126414, 7.817231437, 7.841833607999999, 7.896101683000001, 7.695219834, 7.89520183, 7.778415869, 7.586172332, 7.750690056, 7.714553637, 7.702091341999999, 7.701671491999999, 7.8023920890000005, 7.461405579, 7.924468215000001, 8.22566086, 7.7227962, 7.639321682000001, 7.72835131, 7.877625578, 7.7769699459999995, 7.740430829999999, 7.556016023, 7.6743925299999995, 7.805126925, 7.833907725, 7.635688108, 7.847207518, 7.836848568, 7.514615423, 7.815898023, 7.594357771, 7.800992190999999, 7.892660950000001, 7.641965356000001, 7.817693897999999, 7.537796117, ]
91-12	5	[4.534545388, 4.714259478, 4.593629961, 4.672452226000001, 4.567770935, 4.698447711, 4.560410959, 4.745746715999999, 4.537456859, 4.522684529, 4.540017935, 4.607744686, 4.562389366000001, 4.692686759, 4.583142917, 4.541831404, 4.499478874, 4.5662451829999995, 4.530573039, 4.538387036, 4.567047949, 4.713728038, 4.605680815, 4.577300063, 4.705401801, 4.523196375, 4.5549884, 4.536043484, 4.51830331, 4.661986451, 4.578319475000001, 4.521278607, 4.547093937, 4.457654768, 4.490215303, 4.572020936, 4.582598710999999, 4.555265714, 4.787314789000001, 4.512297172999999, ]
91-11	4	[7.8825872200000004, 7.70154157, 7.386149447, 7.803577241000001, 7.574241591, 7.735552318, 7.730288858999999, 8.065131585, 7.507932127, 7.604613829, 7.989521658999999, 8.031303647, 7.684271753999999, 8.838152332, 7.679029363, 7.792532996, 7.678135617999999, 7.839910703999999, 7.684469873, 8.332248443, 7.767885780000001, 7.790723533, 7.636727881, 7.661432051999999, 7.794192269000001, 7.84889501, 7.819850272000001, 7.56847192, 7.695310629, 7.710816138999999, 7.725399889999999, 7.606543817, 7.79865031, 7.666317892, 7.777815492, 7.801910407, 7.636152689, 7.4601805919999995, 7.649516941999999, 7.732818006, ]
91-9	5	[7.557634479, 8.270781653, 7.808807944999999, 7.619535265, 7.603699064, 7.653058647000001, 7.518789631000001, 7.955082826000001, 7.7467675499999995, 7.783891959000001, 7.619146447, 7.749871836, 7.8270155820000005, 7.671111484000001, 7.657999621, 7.696377693, 7.857974671, 7.6175257059999995, 7.805192752999999, 7.883867753, 7.286606959, 7.761462448, 7.634811807, 7.726554067, 7.662462776999999, 7.634042085, 7.538656253, 7.480754919, 7.5423004659999995, 7.845044539999999, 7.7140298849999995, 7.681743138, 7.788158627, 7.900747419, 7.886821405999999, 7.824757747, 7.83030739, 7.722246212, 7.566530890999999, 7.728657278, ]
95-24	4	[7.719142466999999, 7.7889657880000005, 7.695513195999999, 7.985174478000001, 7.823947228000001, 7.740788833, 7.6512191000000005, 7.697355377999999, 7.874410423, 7.655034767999999, 7.525271286000001, 7.608138988, 7.63609362, 7.713622225999999, 7.795102529, 7.641563345, 7.699810869999999, 8.047290933, 7.724918634000001, 7.694329434000001, 7.802351713, 7.846857926, 8.141346762, 7.961279296, 7.635577405, 7.705180286000001, 7.814839364, 7.603018915, 7.674459092999999, 7.884522607999999, 7.829786967, 7.798591389, 7.717304972, 7.6462100710000005, 7.719360055, 7.859840775000001, 7.720766705999999, 7.659667023999999, 7.794188852, 7.921291117000001, ]
58-30	4	[4.539756663, 4.533021502, 4.515010093, 4.703342999, 4.62839645, 4.5249452670000005, 4.50841501, 4.538104426, 4.786240094, 4.653335354, 4.515242258000001, 4.546717545, 4.762031426, 4.505364691, 4.567508473, 4.537773603, 4.654537233, 4.520235259000001, 4.5290590029999995, 4.642427829, 4.437099506, 4.48249469, 4.501729105000001, 4.510707008, 4.633603919, 4.505894087, 4.675105762, 4.734967159, 4.6080104230000005, 4.565520909, 4.680870688, 4.547810166, 4.538684594, 4.570649274, 4.467102614, 4.597710558, 4.596572919, 4.520957148, 4.629185154000001, 4.561169211999999, ]
58-25	5	[7.848374114, 8.080497975, 7.765959542000001, 7.70344079, 8.057486794999999, 7.684658688, 8.024299247, 7.622842157, 7.517988432, 7.6664602770000005, 7.59562182, 7.752084505000001, 7.672604373, 7.64314681, 7.841451051000001, 7.6395474320000005, 7.668076454, 7.728677192999999, 7.795091524999999, 7.738991016, 7.815178522, 7.590110449, 7.802226772, 8.073319325, 7.865003236000001, 7.737634343999999, 7.623217104, 7.6345520350000005, 7.572048719, 7.703504508000001, 7.817739448, 7.6370754860000005, 7.866814762999999, 8.096247428, 7.586249087, 7.694032542, 7.560542183, 7.647369316, 7.750185161999999, 7.910073315, ]
113-0	8	[8.156512619, 7.969993892000001, 8.066011983000001, 7.620626993999999, 7.84693582, 8.001547432, 7.969818264, 7.843723194, 8.038686690999999, 7.82722405, 8.034037904, 7.953681964000001, 8.024846732999999, 7.797929068999999, 7.861476081999999, 7.7656509179999995, 7.810259004000001, 7.92372385, 7.994854588000001, 7.984333856, 7.795223387, 7.91650046, 7.604282871, 7.989810631, 7.8040903429999995, 7.722108165999999, 7.7502908249999996, 7.68526851, 8.073173213, 8.077089157, 7.710403413000001, 7.879450684, 7.9878490929999995, 8.084501471, 7.7641117049999995, 7.878139566999999, 7.983932011, 8.085690452, 7.850446787999999, 7.825394007, ]
99-16	7	[8.255849831, 8.503744238, 8.31019836, 8.375069698, 8.620535924, 8.346599255000001, 8.196255529, 8.308676965, 8.65228952, 8.236838197, 8.384072875000001, 8.392126047, 8.49095673, 8.296481566, 8.199174907000002, 8.608403129000001, 8.163024303, 8.343081693, 8.293494364, 8.269771546000001, 8.717467884000001, 8.641583353, 8.435073318, 8.462546123, 8.363656502, 8.336327987, 8.462436517999999, 8.476777025999999, 8.226814886, 8.290120664, 8.455727521, 8.315772209, 8.452390918999999, 8.273774136, 8.418039183000001, 8.431698965, 8.269667365, 8.440126354, 8.317286148, 8.287147893, ]
81-25	6	[7.7334314850000005, 7.798492871, 7.89135566, 7.736473697999999, 7.947822069, 7.881265903000001, 8.028636917, 7.808111752, 8.064447657999999, 7.999725511, 7.956835341, 8.218180819, 7.773376042000001, 7.793410988000001, 7.8173430370000005, 7.906403917, 7.8431062339999995, 7.8325173459999995, 7.915954393, 7.716626604999999, 7.8958987910000005, 8.011166584, 8.053760429, 7.872077813999999, 7.906129878000001, 7.916380584, 7.85475384, 7.986109313, 7.949910697, 7.9183424350000005, 8.12138555, 7.7854314659999995, 7.868374478, 7.8539877570000005, 7.905359088000001, 7.9495747990000005, 7.7559770199999996, 7.9034620250000005, 7.970740802, 7.90640918, ]
93-2	6	[7.905506669999999, 7.646842009, 7.675543028999999, 7.7140517299999996, 7.507299247000001, 7.681973595, 7.763131882, 7.900769079000001, 7.668045058, 7.761852396, 7.42694117, 8.013149245000001, 7.724306336, 7.7898675530000006, 7.711459585000001, 7.944411583, 7.690037167, 7.8560508790000005, 7.655461199, 7.60175336, 7.7871931850000005, 7.777466708, 7.739937949, 7.749664386, 7.737105876, 7.725822591999999, 7.5501555190000005, 7.669555356, 7.777316712, 7.737848312999999, 7.8668970190000005, 7.785915589, 7.6888560990000006, 7.5571825299999995, 7.953162931, 7.557968895, 7.7648162130000005, 7.767631511, 7.785381353, 7.646803721, ]
105-7	5	[5.001052938, 5.033592554, 5.08902935, 4.944547023, 4.969902907000001, 5.0716405799999995, 5.237675112000001, 5.080457611, 5.149496638, 5.116039784, 5.094141762, 5.0996764489999995, 5.049402324000001, 4.974288744000001, 4.9877068, 5.1446037669999996, 5.0244318, 5.001098924, 5.112981585, 5.011535815, 5.13674448, 5.057176647, 5.139642731, 5.0975887669999995, 5.026267839, 5.041459703, 5.081199874, 5.037961545, 5.127783939, 5.054180924, 5.145043686, 5.158099848, 5.103145722, 5.072903044, 5.081954563, 5.141805210999999, 5.020594267, 5.025743481, 4.970098364, 5.266785965, ]
105-4	7	[5.153822093, 5.132634273000001, 5.157130993, 5.0014231119999994, 5.023419054, 5.118865211, 5.066876841, 5.186589957, 5.083940429999999, 5.042670586, 5.136792151, 5.154790887000001, 5.116774231, 5.143745857, 5.070562252999999, 5.013972817, 5.094997559, 5.013650349, 4.971988473000001, 5.069192780000001, 5.261238521999999, 5.06148148, 5.1698681529999995, 5.1757866859999995, 4.997397158, 4.994318694, 5.152977158, 5.005343777, 5.019815986999999, 5.089962203, 5.74754967, 5.236833538, 5.017115593, 4.942915611999999, 5.117135319, 4.945479432, 5.047968635999999, 5.144543343, 5.1046644389999996, 5.0914656229999995, ]
97-2	8	[8.377411718, 8.110580538999999, 8.221147891, 8.407370642, 8.232109484999999, 8.580449984000001, 8.335627693, 8.405172461, 8.082313499, 8.462431996, 8.310285285, 8.274796849, 8.422536447999999, 8.136709135, 8.532752449, 8.293005229, 8.163422941, 8.355630949, 8.230134264, 8.958527499999999, 8.355955688, 8.409306075, 8.478756086, 8.493887647, 8.328835271, 7.995921707999999, 8.549379971, 8.270480755, 8.517227838, 8.173794838000001, 8.310894233, 8.486861984, 8.489695181, 8.334109126000001, 8.352081367, 8.165552857, 8.321349149000001, 8.802054369999999, 8.240802613, 8.304560425, ]
97-1	8	[8.163120855999999, 8.552429636, 8.172572896, 8.313716292, 8.282815844, 8.352445736, 8.244188566, 8.369019502, 8.214611138, 8.340290209, 8.465911157, 8.725607147, 8.664568397, 8.401395373000001, 8.521581107000001, 8.211709041, 8.479916496000001, 8.546256014999999, 8.176461923000002, 8.450222173, 8.188364079, 8.372369196, 8.260705523, 8.232754774, 8.329018736, 8.106042419, 8.571340348, 8.471668021, 8.487680841, 8.053456739, 8.32495783, 8.324535069, 8.883557768000001, 8.167762008999999, 8.820386012, 8.264484914999999, 8.387218695, 8.284155870000001, 8.480299872, 8.406712428, ]
116-7	5	[4.657243918, 4.7464899549999995, 4.611394392, 4.692215185, 4.657090328, 4.81647907, 4.926298291999999, 4.752835836, 4.809248139, 4.79106916, 4.674633468, 4.695319517000001, 4.724825638, 4.833905226, 4.849600462, 4.5980938170000005, 4.6983881300000006, 4.594838807, 4.5845234999999995, 4.850854094000001, 4.944851334, 4.723120282, 4.723922999, 4.82369446, 4.715016565, 5.487773946, 4.742303644, 4.70630143, 4.637939554, 4.791101117, 4.683733427, 4.66579863, 4.7049223819999995, 4.732231873, 4.766162185, 4.685139513, 4.827644450999999, 4.7468512149999995, 4.6634981390000005, 4.854155063, ]
98-28	6	[5.038775208, 5.212738955, 5.085916617, 5.113182428, 5.148058917, 4.992985675, 5.018115755999999, 4.972711952999999, 5.099654861, 5.292410488, 5.0962710499999995, 5.041174291, 5.207915669, 4.991390614999999, 5.023962868, 5.062033747, 5.216679195, 5.10684161, 5.0978312500000005, 5.080630389, 5.08961887, 5.036620187, 5.117275541, 5.110092629, 5.091120184999999, 5.195920375, 5.152097427, 5.02415743, 5.042869426, 5.11496073, 5.194981895, 5.1540896069999995, 5.028023729, 5.085355693, 5.572871409, 5.221414923, 5.064003768, 5.077027124000001, 5.18899366, 5.031310449, ]
84-30	5	[4.6692493090000005, 4.665523824999999, 4.735366429, 4.638855519, 4.667493034, 4.714636846, 4.805438167, 4.6723470119999995, 4.679617748, 4.719184291, 4.6652203409999995, 4.803108766, 4.799260452, 4.7248808879999995, 4.656608016000001, 4.705146366, 4.802762365, 4.693634984, 4.710632198, 4.914428914, 4.672358807, 4.730365044, 4.692884712, 4.764224775, 4.7313917420000005, 4.765243879, 4.825370395999999, 4.75113314, 4.594343232, 4.742610758, 4.847939571, 4.81753536, 4.686856965, 4.6243215399999995, 4.694264693, 4.648346543, 4.987672164999999, 4.659858046, 4.647603385, 4.752659423, ]
69-20	7	[5.20031714, 5.140800249, 5.200381334, 5.412060368, 5.456446333, 5.113817018000001, 5.2075049170000005, 5.2710414409999995, 5.18356606, 5.187943898, 5.451595114000001, 5.1884349620000005, 5.4076187870000005, 5.181086217, 5.07836954, 5.8937521749999995, 5.134771409, 5.125195906, 5.148773287, 5.241648121, 5.149502353000001, 5.173832428, 5.168297518999999, 5.369080544, 5.287457032, 5.160357309, 5.18705557, 5.238727062, 5.176546746, 5.273918212000001, 5.28083231, 5.284825405, 5.266118225, 5.189303283, 5.172691293, 5.152539067, 5.121267872000001, 5.221704603, 5.280182919, 5.11382922, ]
69-12	7	[5.134672257, 5.121799938, 5.113153499, 5.285312919, 5.196453356, 5.1466783760000006, 5.120275755, 5.174709131, 5.17635952, 5.156555839999999, 5.270410493, 5.235383704, 5.046865546, 5.127695075, 5.16950659, 5.120855676, 5.234574353, 5.221391294, 5.219933163, 5.150398153, 5.161368172, 5.188110171999999, 5.093643403000001, 5.211958802000001, 5.225010863, 5.159787043000001, 5.227914227, 5.190886614, 5.123075470000001, 5.19736969, 5.272635597000001, 5.154166881, 5.160183432, 5.428441267, 5.312635837, 5.1624531870000006, 5.082512414, 5.048211773, 5.148774086, 5.216700079, ]
63-20	4	[4.5835817059999995, 4.559577729, 4.710768530999999, 4.66891945, 4.800399895, 4.633726358, 4.706859747, 4.641810829000001, 4.582039122, 4.559154012, 4.713971364, 4.6698816800000005, 4.689297767, 4.607435658, 4.837411681, 4.654289657, 4.712550469, 4.590790983, 4.705745513, 4.594375407, 4.561242887000001, 4.586873047999999, 4.5946652100000005, 4.564388116, 4.704331329, 4.740790474, 4.51343018, 4.649462336, 4.681834915, 4.596200423, 4.576346921000001, 4.583548805, 4.627501587, 4.5472849040000005, 4.563703759, 4.608120402, 4.789504281999999, 4.610966043, 4.721611639, 4.621754309, ]
90-19	5	[7.676328497, 7.555550172999999, 7.7063088440000005, 7.734073845, 7.675467759000001, 7.822195079999999, 7.715402096999999, 8.105853609, 7.6421251859999995, 7.895255784, 7.663643862000001, 7.770697034, 7.678305276, 7.786765162, 7.886612477999999, 7.863906314000001, 7.7626963589999995, 7.742326060000001, 7.643902070999999, 7.618610164, 7.6952928300000005, 7.776271071, 7.867579996999999, 8.03940961, 7.770251889, 7.778912742000001, 8.200902328000002, 7.614324291, 7.6550821550000006, 7.702698110999999, 7.574346951, 7.956080072, 7.714493942000001, 7.785737343, 8.135796448999999, 7.825716676, 7.715347277, 7.931141104, 7.642212904000001, 8.087170316, ]
85-25	5	[7.655124863, 7.757873872, 7.957339081, 7.831008124, 8.208956207, 7.8475949389999995, 7.992291741, 7.809717559999999, 7.755977126, 8.114401317999999, 7.833092025999999, 7.8457244500000005, 7.776896288, 7.714329573, 7.8854767269999995, 8.004926128000001, 7.922903663, 7.844555731000001, 7.69984586, 7.885476548000001, 7.869613525999999, 7.629427262, 7.862090632999999, 7.875697049, 7.822418384000001, 8.089429648, 7.9326490430000005, 7.807318714, 7.773148977999999, 7.932260063000001, 8.264038394, 7.920112562000001, 8.179411708, 7.832550910999999, 7.8030556970000005, 7.889323849999999, 7.883079993999999, 7.815303094, 7.7927529369999995, 7.935286983, ]
73-16	8	[8.042536807, 8.147876439000001, 8.159148912, 8.097805253, 8.453486416, 8.262295887999999, 8.182768564, 8.165598485999999, 8.180631567999999, 8.314704448999999, 8.04559696, 8.172126264, 8.243022123, 8.177980798, 8.179286085, 8.212066197, 8.207965512, 7.973929877, 8.160850582, 8.488658006, 8.235684258000001, 8.039383156000001, 8.244270643, 8.148448902, 8.176334645, 8.177716273, 8.242085189, 8.188903708, 8.409669525, 8.270939781, 8.459809723, 8.260634594, 8.218387021, 8.459958521999999, 8.118526561000001, 8.210638059999999, 8.288043224, 8.342435943, 8.343704258999999, 8.349914285999999, ]
56-24	7	[7.820582888999999, 7.806327596000001, 7.695571823000001, 7.920343837999999, 7.675111349999999, 7.669575717999999, 7.687049857000001, 7.66070033, 7.842398697, 7.789504162, 7.785314699, 7.738173612000001, 7.768810968, 7.886412889, 7.733686758999999, 7.67294937, 7.832083793999999, 7.757204783, 7.7622245670000005, 7.718594115999999, 7.651281438, 7.750614746, 7.702243466, 7.825483931999999, 8.035670647, 7.665678432000001, 7.768459722999999, 7.814452135000001, 7.763128827, 7.715067121000001, 7.71068241, 7.696659186, 7.525169537, 7.559313756, 7.734369463, 7.790757366, 7.732308777, 7.8631455159999994, 7.80881387, 7.660079784, ]
53-2	7	[7.707061995, 7.883081848, 7.864269526999999, 7.822835692, 7.784428800000001, 7.8069067180000005, 7.876047379000001, 7.7658218539999995, 7.9795044729999995, 8.033809126, 7.97423575, 8.040361277, 7.9603532910000006, 8.013585796, 7.838198961, 7.934190876, 7.715938076, 7.882839093, 7.848327375, 7.8634515689999995, 7.701943120999999, 7.775454621000001, 7.7845993060000005, 7.833145121, 7.857324791999999, 7.807563427000001, 8.00294646, 7.841692386, 8.039096169, 7.765473954000001, 7.874160256, 7.671954174, 7.83550314, 7.9241344, 7.759396487, 7.679777132, 7.821310479, 7.9064466620000005, 7.819253495, 7.884487249999999, ]
47-0	7	[8.34668427, 8.399693215000001, 8.129171992, 8.382785988, 8.049923347, 8.089486473, 8.588458892, 8.256587743999999, 8.828909979999999, 8.344163024999999, 8.47872213, 8.499613547, 8.302635375000001, 8.198539056, 8.087985374999999, 8.023867051, 8.319280268, 8.533294009, 7.944482919, 7.926566393, 8.203940006, 8.684912685, 8.231210265, 8.077641116, 8.033311944, 8.837475573, 8.250979195000001, 7.918918080000001, 8.174805972, 8.211324449000001, 8.087508655, 8.323146729, 8.220252554, 8.15048677, 8.019630578000001, 7.994544576, 8.195357228, 8.387871227, 8.282577381, 8.318316057999999, ]
45-14	5	[5.064960436, 5.030798915, 5.106957801, 5.044014733999999, 4.989466908000001, 5.013907186, 5.01983211, 4.960678275, 4.9900130879999995, 4.952874659, 5.104703682, 5.014613611, 5.072421873000001, 5.207538765, 5.047527312000001, 4.987566268, 5.074112164, 5.045343678, 5.569045435, 5.121427754, 5.002206841, 5.120684744, 5.05049454, 5.021877182, 5.055483917, 5.226193536, 5.140420122999999, 4.930333244, 4.966365923, 5.025238283, 5.0560006589999995, 5.10037071, 5.160175548, 5.034277622, 5.062430325, 4.970623188999999, 5.114803464, 4.998907762, 5.0144473199999995, 5.008591892, ]
43-14	5	[4.983149908, 5.313301668, 4.956982489, 5.147410125, 4.978415249, 5.175311281, 5.055636998000001, 5.016321483, 4.992515909, 5.001683654, 5.021686503, 5.003920341, 5.124566536, 5.020138322, 4.964273673999999, 5.102047968000001, 5.229869827, 4.973263511, 5.107765659, 5.020597061999999, 5.074838392999999, 5.059941823000001, 5.126180263, 4.946424767, 5.1442292940000005, 4.948681618999999, 4.967783506, 5.041710839, 5.004410224, 5.124404831, 5.090561508, 5.087764464999999, 5.004988223, 4.907885808, 5.07940468, 5.26301537, 5.002140241, 5.097995812, 4.958056212000001, 5.045298941, ]
38-29	5	[5.023081728, 5.084165794, 5.227750537, 5.034876656, 5.0078775, 5.088247046, 5.084005324, 5.250664652, 5.23656355, 4.995653318, 5.094508208000001, 5.301609878000001, 5.0507891140000005, 5.074301608, 5.085090656, 5.191391051, 5.143938114, 5.161808886999999, 5.06422624, 5.05579905, 5.083693488, 4.998841651999999, 5.087834956, 5.081348346, 5.08654196, 5.106246474000001, 4.941728648, 5.034353896000001, 5.132406488, 5.083822147, 5.182713926, 5.155065742, 5.081873422999999, 5.041807609999999, 5.059297324, 5.058340567, 5.00778554, 5.104092345, 5.296038598, 5.00633947, ]
41-6	7	[4.954321295000001, 5.058191467, 5.048626487, 5.206295371, 5.105792066999999, 4.948959486, 5.032839682, 5.045551962, 5.0379158639999995, 4.9711018959999995, 5.255775562, 5.156324442, 5.010107774000001, 4.9805710130000005, 5.150554065000001, 5.055218455, 5.060084099, 5.2009847350000005, 5.1017598809999996, 5.089363784000001, 5.149495181, 5.03507499, 4.9691527980000005, 5.045979092, 5.100120886, 5.184497727, 5.007938227, 5.157766957, 5.051414387, 5.092873291999999, 5.013753711, 5.023006409, 5.065410922, 5.146038181, 5.039251602, 5.075954709, 5.270535195, 5.1724129780000005, 5.054223129, 5.038504016, ]
36-25	7	[8.251398488, 8.220476831000001, 8.092447792, 8.481554661999999, 8.219005487, 8.260843216, 8.158010419, 8.257698604, 8.271419364000002, 8.385612354000001, 8.548870354, 8.333901348, 8.615832823, 8.345915781, 8.357343794, 8.081563907, 8.619985802, 8.465789113, 7.986829569000001, 8.195633306, 8.249731275999999, 8.213950482, 8.689828565, 8.099468929, 8.321943912, 8.168740683000001, 8.147589471, 8.416080247, 8.359869722000001, 8.715391776, 8.510543988, 8.224603459, 8.285009469, 8.258213741, 8.318227582999999, 8.428374354999999, 8.400114744, 8.443368186, 8.275228702000001, 8.264397731, ]
31-17	5	[7.594471834, 7.647855418999999, 7.771106853, 7.763013032000001, 7.895592724, 8.192032243, 7.748011645, 7.780582268, 8.073252814, 7.734304449000001, 7.512079593, 7.771815190000001, 7.712805486999999, 7.827889152, 7.823779770000001, 7.746291059000001, 7.877707698, 7.789752932000001, 8.057304191, 7.970185517999999, 7.524427889, 7.616459903, 7.736455513, 7.813883732000001, 7.56041746, 7.723502891999999, 7.664541563, 8.029406916000001, 7.753964798, 7.890776929, 7.802750565999999, 7.665793752000001, 7.864957739, 7.882031961000001, 7.605485129, 7.9862872199999995, 7.6998516829999994, 7.99671047, 8.722955384999999, 7.718711825, ]
29-16	7	[7.592118298, 7.9034854160000005, 7.82907956, 7.789896217999999, 7.805018868, 7.617001295000001, 7.794870582, 8.071905322, 7.945176550999999, 7.618757854, 7.731545453, 7.551220985, 7.658791631000001, 7.718860825000001, 7.767391858000001, 7.723857728, 7.87167377, 7.8078976870000005, 7.622094988000001, 7.973439169000001, 7.880635224, 7.668106158999999, 7.703540778, 7.601526102, 7.705159602999999, 7.767127332, 7.743285573, 7.791416321999999, 7.835046049, 7.933069688, 7.7404408259999995, 7.757613975, 7.624706402999999, 7.714832340000001, 8.038614766, 7.699577465, 7.6589025589999995, 7.758884515000001, 8.074350358, 7.938791381, ]
28-27	5	[8.121907424, 7.742146196999999, 7.7367707039999996, 7.697429909, 7.860183943999999, 7.602473564, 7.492214123, 7.6003365359999995, 7.769698206999999, 7.925886779, 7.542753759, 7.899497261, 7.642554105, 7.903921400000001, 7.981544747, 7.658187542000001, 8.072762577999999, 7.723184247000001, 7.71022652, 7.622567031, 7.79458499, 8.142879912000001, 7.790415688, 7.993197866, 7.667828479999999, 7.620139801, 7.917935074999999, 7.755817433, 7.604485177, 7.625003629, 8.035469945000001, 7.792796808, 7.775315368999999, 7.6356924600000005, 7.762442129, 7.724705125000001, 7.7458282060000005, 7.789054874, 7.729899240000001, 7.677079002999999, ]
24-31	5	[4.4788438280000005, 4.534042998, 4.7174267180000005, 4.552220174, 4.6032221579999995, 4.5858991090000005, 4.629034165999999, 4.547837856, 4.513442781, 4.58128343, 4.549406209, 4.671201916999999, 4.547170252, 4.658063023, 4.505382761, 4.5019126609999995, 4.489878686, 4.532837375, 4.521081238000001, 4.635455038000001, 4.568795766, 4.511177992, 4.551802114999999, 4.4760297289999995, 4.715045657, 4.597069425, 4.552040486, 4.556170484000001, 4.574081673, 4.5494478780000005, 4.609139393, 4.587618078, 4.66126279, 4.592731425, 4.570589701, 4.613241808, 4.581492605, 4.536156818, 4.584430138, 4.5861364479999995, ]
19-2	8	[7.765689898000001, 7.807598167999999, 7.8737373029999995, 8.039317881, 7.71164758, 7.888036663, 7.924595982999999, 8.030251489000001, 7.876343705, 7.929767846, 7.992131757999999, 7.616051017, 7.82555525, 7.696730382, 7.772225478999999, 7.82164989, 7.867819314, 7.910757058, 8.075642971, 7.961504646000001, 7.95298718, 8.110088178, 7.884242299000001, 7.935483701999999, 7.979627021000001, 8.135706685999999, 7.926176689999999, 7.983569674, 8.028493847, 7.818975369, 8.056404556, 8.124930852, 7.953949277000001, 7.900842047, 7.819412649999999, 7.8181902910000005, 7.930443213999999, 7.803532217999999, 8.089854551, 7.55304047, ]
19-1	8	[7.92134709, 7.822043214, 7.921693766, 7.864313919000001, 7.974983287, 7.716167046, 7.726702608, 8.191865991, 8.02482358, 7.863095876, 7.789786576, 7.878479605, 7.839564664000001, 7.7983617039999995, 7.905054122, 7.79604817, 7.859371286, 8.018315335, 7.848155584000001, 7.992030604000001, 7.915976414999999, 8.012023685, 7.873714445, 7.62267903, 7.859617612, 8.089308829, 7.794946715999999, 7.793215829999999, 8.158442456, 7.717546463, 7.979896158, 7.766985642000001, 8.004875297, 7.893229758, 7.8613767029999995, 7.891500795, 7.760128522, 7.794119426000001, 7.863047153, 7.5924557120000005, ]
18-27	6	[7.881826477000001, 8.201405467, 7.752966686000001, 7.7581902220000005, 7.924596033, 8.116866171, 7.76249433, 8.169594385, 7.947291525, 7.804146573000001, 8.005911452000001, 7.784517162, 8.187219896, 7.835219576000001, 7.879230882999999, 7.857264659, 7.802524602000001, 7.785729203, 7.704796468999999, 7.811905605000001, 7.780979914, 7.721809594, 8.060245098, 7.935052769, 8.081595805, 8.341698556999999, 8.237759363, 7.95368515, 8.068918553, 7.923168224, 7.819651284000001, 7.8003609119999995, 7.7816869980000005, 7.963859383999999, 7.905497455999999, 8.017283489999999, 7.755986060000001, 7.775698359000001, 7.872013247, 7.713227398, ]
4-10	9	[8.370289594, 8.080377646, 8.383973891, 8.184040741, 8.339817954, 8.322194111, 8.072185373, 8.200247665, 7.985135221, 8.211921108, 8.356215049, 8.295405359, 8.202972192999999, 8.124854638, 8.048286204, 8.515721289, 8.301389609000001, 8.321711568, 8.200576866, 8.328565602, 8.409769282, 7.976862731, 8.133512981, 8.223785828, 8.268699197, 8.043118920000001, 8.152750464, 8.310953114, 8.299437313, 8.222532622, 8.177394921000001, 8.39480403, 8.475400988, 8.380287454, 8.304549277, 8.021651042, 8.179443027, 8.181122056, 8.305381514999999, 8.371776909, ]
25-11	6	[8.009885363999999, 7.656277589999999, 7.73897129, 7.781316101, 7.61983208, 7.745853615, 7.787503928, 7.757857627000001, 7.875238847, 7.5277717310000005, 7.772877386, 7.569202939, 7.586700392999999, 7.639885729, 7.648573037, 7.672369902, 7.668969043, 8.229388194, 7.788549963, 8.044151867, 7.902283144, 7.640690563, 7.820982603, 7.758066315000001, 7.587303617, 7.76786003, 8.069213626, 7.89265902, 7.740320516999999, 7.764243232999999, 7.925688976000001, 7.562606584, 7.5818573, 7.7125366909999995, 7.929276122999999, 7.672533168000001, 7.592009014, 7.737753045999999, 7.802389623, 7.916276697999999, ]
18-20	8	[4.921913599000001, 4.690800751, 4.7506594479999995, 4.689174352, 4.806150191, 4.770180529, 4.728546774, 4.877245162, 4.732631663, 4.6866182940000005, 4.659963398, 4.692806715000001, 4.707475576999999, 4.903720327, 4.928350692, 4.801570113, 4.644051236, 4.685495938, 4.715226101000001, 4.692980054, 4.709886272, 4.630963813999999, 4.7153126290000005, 4.7949222460000005, 4.779979496, 4.635619937, 4.664562636, 4.877764064, 4.659735395, 4.7010509350000005, 4.644637116, 4.848240877, 4.691963673, 4.757254334, 4.680693488, 4.88080329, 4.658706719, 4.7133895710000004, 4.786709007, 4.694602483, ]
9-12	8	[5.243120011, 5.023944164, 5.029463857, 5.135010052, 5.086524398, 4.975617976, 5.131427756, 5.080225728, 4.993939602, 5.006252998, 5.016648144, 4.9910189659999995, 5.195533104, 5.044570684, 4.944020461, 5.1437766719999996, 5.191405035, 5.010848268, 4.987400884, 5.010455298, 5.033678821, 4.992504444, 5.048847586, 5.050560911, 5.024681638000001, 5.0237387710000005, 5.022590194999999, 4.9993371909999995, 4.973486303, 5.065471691, 5.0155530950000005, 5.088808311, 5.116832547, 5.051899949999999, 5.008555693000001, 4.973974797, 5.0247536770000005, 4.967130257, 5.026798298, 5.025182161, ]
1-30	7	[5.147252977999999, 5.152143718, 5.274929405, 5.049745531, 5.168916425, 5.122066544, 5.279548624, 5.267897852, 5.079508464000001, 5.050473484, 5.188547450000001, 5.083193983999999, 5.310779065, 5.219104906, 5.145584403, 5.188705077, 5.1898134449999995, 5.1168690130000005, 5.183548568, 5.224971341, 5.168472466, 5.093356545, 5.060712591, 5.086463756000001, 5.228093369, 5.1227476439999995, 5.303860446, 5.063667682, 5.09475225, 5.087167126, 5.1736633009999995, 5.161639192000001, 5.2198329029999995, 5.355597876, 5.099097548, 5.2259726099999995, 5.328061046999999, 5.256266178000001, 5.243287563, 5.260851392, ]
34-13	7	[5.195295861, 5.020193539, 5.028507948, 5.1490279349999994, 5.0625511, 5.239397053999999, 5.115094614, 5.10914303, 5.076489314, 5.092234276, 5.271055985, 5.0638699890000005, 5.4288521030000005, 5.159980545, 5.093152036, 5.084351131, 5.147004098, 5.056178114000001, 5.12626006, 5.06632371, 5.123928923, 5.100927754, 5.016033025, 5.194927324, 5.196712499, 5.088240561, 5.067211022, 5.042835763, 5.133036031, 4.998490391, 5.024210216999999, 5.17168937, 5.072278241999999, 5.059989905, 5.025010513, 5.174521412, 5.131060522, 5.10524912, 5.206559907, 5.075049166, ]
33-11	7	[8.911746692, 8.520291001, 8.032904707999998, 8.115766268, 8.356951807, 8.078310493, 8.333238123000001, 8.119543958, 8.345110496, 8.539353879, 8.35008875, 8.19375709, 8.215719494000002, 8.559094047, 8.258260767, 8.298453922, 8.570655075000001, 8.317982508, 8.289930205, 8.387121803, 8.187530814, 8.348063062, 8.435506183, 8.353451211, 8.200642207, 8.371396029000001, 8.353374783, 8.565366943, 8.483790846000002, 8.433151273, 8.341391345, 8.467560504, 8.490156472, 8.509204779000001, 8.20015506, 8.184733077, 8.20409622, 8.381436043999999, 8.505983083, 8.365200998, ]
11-25	6	[8.31380755, 8.596572148, 8.049378653, 8.332882813, 8.251046539999999, 8.106351451, 8.518591802, 8.518579595, 8.366640664999998, 8.256055225, 8.35710827, 8.240264322000002, 8.258206892, 8.076640362, 8.243025772, 8.437490238, 8.506791210000001, 8.045260573, 8.253781162, 8.192032457, 7.963260855000001, 8.517083852, 8.220622814, 8.078226291, 8.604148495, 8.397533474, 8.467001642, 8.15005611, 8.540323420999998, 8.172837021000001, 8.355849292, 7.940435339, 8.220800904999999, 8.298441394000001, 8.284314114, 8.011578023, 8.293088671, 8.210029044, 8.306289759, 8.496556755, ]
7-31	4	[5.180605977, 5.247904425000001, 5.08729458, 5.283246984, 5.158716276, 5.15657145, 5.166472519999999, 5.2594944880000005, 5.2115472920000006, 5.137321615, 5.316628972999999, 5.141090706, 5.196173236, 5.095800346000001, 5.365954857, 5.158251721, 5.102784848000001, 5.272739711, 5.288460276, 5.352275023, 5.280029141, 5.274870416000001, 5.1583472509999995, 5.1041529489999995, 5.174329924, 5.1119309369999995, 5.271609518, 5.1516718159999995, 5.132274165, 5.267469964, 5.269300601, 5.227073927, 5.144902752, 5.261818978, 5.076278383, 5.1322896579999995, 5.177998942, 5.095476432, 5.16688048, 5.3044194110000005, ]
6-30	6	[5.249918867, 5.019268814, 5.033709112, 5.055447642, 5.012113352, 5.19770235, 5.157140353, 5.086575485999999, 5.051324720999999, 5.14684777, 5.057617346, 5.045927581, 5.005987268, 5.200881955, 4.98029149, 5.095130148, 5.048853107, 5.039039262, 5.069572699999999, 5.158425386, 5.21935045, 5.0340880960000005, 5.105407793, 5.011112954, 5.057950916, 5.109801151, 4.97670357, 4.99940345, 5.058633009999999, 5.078702839, 5.243285158, 5.141067104, 5.205687553, 5.032191051, 5.132391458, 5.01504738, 5.0658223940000005, 5.018875287999999, 4.986549717, 5.238257072, ]
30-11	5	[7.807529466, 7.813601106999999, 7.5263579279999995, 7.811694920000001, 7.7560107, 7.980051983999999, 8.00580601, 7.780381377, 7.789294287, 7.6238105119999995, 7.680737758, 7.534047869, 7.909529322, 7.818965224, 7.764792776999999, 7.751979806, 7.760160106000001, 7.691346864, 7.573077709, 7.520534969000001, 7.590657783999999, 8.532004168, 7.641500678000001, 7.692873549, 7.940777856, 7.742607724000001, 7.722990366, 7.6629681860000005, 7.862523518000001, 7.6189042, 7.786371998, 7.7611176330000005, 7.797505666000001, 7.604679192, 7.706795847, 7.725984284000001, 7.66887789, 8.263781759, 7.646288364999999, 7.822622543, ]
28-12	7	[4.578802613000001, 4.611678059, 4.599150009, 4.580177137000001, 4.6801776209999995, 4.542962445000001, 4.678137726, 4.766064501000001, 4.599128675999999, 4.650165292, 4.578228705000001, 4.547340452, 4.723767022, 4.522703101, 4.8501075700000005, 4.637051575, 4.5425939269999995, 4.4753032290000005, 4.528029029, 4.653617144, 4.519786819999999, 4.491045155, 4.501189059, 4.533694364, 4.534848319, 4.570434495000001, 4.549515815, 4.715685714, 4.671037063, 4.753767915, 4.505021688, 4.681071782, 4.59376618, 4.566217709, 4.528039994, 4.576522352, 4.542014694, 4.448136962, 4.650614644, 4.535987909, ]
28-10	7	[7.840618783000001, 7.6156735499999995, 7.675347157, 7.766724128, 7.7084663330000005, 7.764400909, 7.734233184, 7.633290383, 7.787378273, 7.72114407, 7.665499149999999, 7.65657962, 7.762706394, 8.314123587000001, 7.90327916, 7.617500485, 7.595495505, 7.635025955, 7.712291978, 7.814149641999999, 7.6083184589999995, 7.674916352000001, 7.824805305999999, 7.618006478, 8.363066713, 7.5548334299999995, 7.747783222999999, 7.9350047980000005, 7.717376956000001, 7.684417412, 8.341523366999999, 7.904890244, 7.722461363, 7.676012418000001, 7.75811824, 7.683426014, 7.585837056000001, 7.604479476, 7.668461744999999, 7.461469952, ]
22-24	7	[7.976194029999999, 7.842166442999999, 7.900519921, 7.961428626, 7.8397290559999995, 7.853851441, 7.8352193, 8.883116936999999, 7.778390588, 7.819555549, 7.844728215999999, 8.160233908, 7.736848945000001, 8.082762825, 7.860377228999999, 7.8897982429999995, 7.687649174, 7.9178251699999995, 8.060475688, 7.963924981999999, 7.709192486999999, 7.8564569330000005, 7.723719581000001, 7.763607973, 7.9122071510000005, 7.826061333, 7.734847016000001, 8.238309513, 8.164602302, 7.840346510000001, 7.749727159000001, 7.6567268020000006, 7.758728975, 7.9076366700000005, 8.302417702, 7.905091598, 7.904892769999999, 8.251830367, 7.969834173000001, 8.099394465000001, ]
12-25	7	[8.328575195, 8.120867324999999, 7.966910533000001, 8.084862439, 8.116200765, 8.514058944, 8.091312353000001, 8.072486351, 7.976665432, 8.166046769, 8.221986971, 8.122907324, 8.211972557000001, 8.192191181999998, 7.95537937, 8.083621332, 8.317335959000001, 8.062038611, 8.07562804, 8.041354767000001, 8.014559715, 8.140072675, 7.99936158, 8.126642549, 8.096530624, 8.109488207, 8.153441647000001, 8.248865669999999, 7.954522326999999, 8.117695823, 8.154472176, 8.240510323, 8.008713406, 8.31772974, 8.149418911000001, 8.144550615, 8.224688518999999, 8.361491662, 7.997692843, 7.8874742179999995, ]
6-19	7	[8.138070244, 8.321054319000002, 8.152923116, 8.070235871, 8.21942204, 8.590906369, 8.436459622000001, 8.606344961, 8.155752334, 8.235011544999999, 8.211110634999999, 8.339513785, 8.331008863, 8.245003598, 8.385008574999999, 8.141066213, 8.324261512, 8.401713497, 8.424130433, 8.374034455999999, 8.178325876999999, 8.279700295, 8.342723953, 8.280508523, 8.254439834, 8.560212874000001, 8.391145424000001, 8.414270905, 8.250206727, 8.112760330999999, 8.416362664000001, 8.177151858999999, 8.143365896, 8.169947241000001, 8.595193699, 8.060417189999999, 8.438650060999999, 8.251165841, 8.262241021, 8.251800641, ]
0-2	11	[8.298546025, 8.332542833, 8.349431097, 8.480566081000001, 8.261902223, 8.287632720000001, 8.145649599, 8.325384364, 8.453576757, 8.133362707, 8.163925774, 8.227415394000001, 8.193590368999999, 8.11801573, 8.240101248999999, 8.230723276, 8.042336658, 8.076319308999999, 8.305342252, 8.282579227000001, 8.172910704, 8.277553504, 8.294515562, 8.733959871, 8.322556783, 8.355150994, 8.238244608999999, 8.019691953999999, 8.22122552, 8.251321725, 8.183856579, 8.27596916, 8.161018761, 8.040549886, 8.13644294, 8.196544914, 8.003243853999999, 8.041186674, 8.306080689, 8.231219894, ]
