0.187571661
0.18695622500000003
0.18854420500000002
0.19026436600000002
0.18895016000000003
0.18966718400000002
0.19214623600000003
0.18828735100000002
0.18637228100000003
0.186516226
0.187438181
0.18675099700000003
0.18712127
0.186440922
0.18709441300000001
0.19306666
0.19000002300000002
0.18764468
0.18748211
0.187372326
0.18719669100000003
0.18747761500000001
0.186508297
0.18708633600000002
0.188068339
0.18730548700000002
0.18873937500000001
0.18936814800000001
0.18877864900000002
0.18763148000000002
0.18809311
0.188665527
0.187075871
0.188292664
0.186990903
0.18793934
0.18785980400000002
0.187625374
0.189219616
0.18842239300000002
0.18711295200000003
0.188749214
0.18722397699999999
0.192659167
0.18842506
0.18936816100000003
0.187551971
0.186899388
0.188046184
0.188286016
0.19256135400000002
0.18732457000000002
0.188115779
0.191483597
0.18825818900000002
0.18766432500000002
0.187808151
0.189609646
0.19869615399999999
0.188585147
0.18804364
0.188643884
0.18696175900000003
0.188291427
0.18715433800000003
0.187166492
0.186774405
0.18856470800000003
0.18803274200000003
0.188620211
0.18706063800000003
0.18723198000000002
0.188149869
0.187597229
0.187810068
0.187562389
0.18778108300000002
0.18765099500000001
0.18822190400000002
0.186855338
